1, 22.08000, 11.46000, 2, 4, 4, 1.58500, 0, 0, 0.00000, 1, 2, 100.00000, 1213.00000, 0.
0, 22.67000, 7.00000, 2, 8, 4, 0.16500, 0, 0, 0.00000, 0, 2, 160.00000, 1.00000, 0.
0, 29.58000, 1.75000, 1, 4, 4, 1.25000, 0, 0, 0.00000, 1, 2, 280.00000, 1.00000, 0.
0, 21.67000, 11.50000, 1, 5, 3, 0.00000, 1, 1, 11.00000, 1, 2, 0.00000, 1.00000, 1.
1, 20.17000, 8.17000, 2, 6, 4, 1.96000, 1, 1, 14.00000, 0, 2, 60.00000, 159.00000, 1.
0, 15.83000, 0.58500, 2, 8, 8, 1.50000, 1, 1, 2.00000, 0, 2, 100.00000, 1.00000, 1.
1, 17.42000, 6.50000, 2, 3, 4, 0.12500, 0, 0, 0.00000, 0, 2, 60.00000, 101.00000, 0.
0, 58.67000, 4.46000, 2, 11, 8, 3.04000, 1, 1, 6.00000, 0, 2, 43.00000, 561.00000, 1.
1, 27.83000, 1.00000, 1, 2, 8, 3.00000, 0, 0, 0.00000, 0, 2, 176.00000, 538.00000, 0.
0, 55.75000, 7.08000, 2, 4, 8, 6.75000, 1, 1, 3.00000, 1, 2, 100.00000, 51.00000, 0.
1, 33.50000, 1.75000, 2, 14, 8, 4.50000, 1, 1, 4.00000, 1, 2, 253.00000, 858.00000, 1.
1, 41.42000, 5.00000, 2, 11, 8, 5.00000, 1, 1, 6.00000, 1, 2, 470.00000, 1.00000, 1.
1, 20.67000, 1.25000, 1, 8, 8, 1.37500, 1, 1, 3.00000, 1, 2, 140.00000, 211.00000, 0.
1, 34.92000, 5.00000, 2, 14, 8, 7.50000, 1, 1, 6.00000, 1, 2, 0.00000, 1001.00000, 1.
1, 58.58000, 2.71000, 2, 8, 4, 2.41500, 0, 0, 0.00000, 1, 2, 320.00000, 1.00000, 0.
1, 48.08000, 6.04000, 2, 4, 4, 0.04000, 0, 0, 0.00000, 0, 2, 0.00000, 2691.00000, 1.
1, 29.58000, 4.50000, 2, 9, 4, 7.50000, 1, 1, 2.00000, 1, 2, 330.00000, 1.00000, 1.
0, 18.92000, 9.00000, 2, 6, 4, 0.75000, 1, 1, 2.00000, 0, 2, 88.00000, 592.00000, 1.
1, 20.00000, 1.25000, 1, 4, 4, 0.12500, 0, 0, 0.00000, 0, 2, 140.00000, 5.00000, 0.
0, 22.42000, 5.66500, 2, 11, 4, 2.58500, 1, 1, 7.00000, 0, 2, 129.00000, 3258.00000, 1.
0, 28.17000, 0.58500, 2, 6, 4, 0.04000, 0, 0, 0.00000, 0, 2, 260.00000, 1005.00000, 0.
0, 19.17000, 0.58500, 1, 6, 4, 0.58500, 1, 0, 0.00000, 1, 2, 160.00000, 1.00000, 0.
1, 41.17000, 1.33500, 2, 2, 4, 0.16500, 0, 0, 0.00000, 0, 2, 168.00000, 1.00000, 0.
1, 41.58000, 1.75000, 2, 4, 4, 0.21000, 1, 0, 0.00000, 0, 2, 160.00000, 1.00000, 0.
1, 19.50000, 9.58500, 2, 6, 4, 0.79000, 0, 0, 0.00000, 0, 2, 80.00000, 351.00000, 0.
1, 32.75000, 1.50000, 2, 13, 8, 5.50000, 1, 1, 3.00000, 1, 2, 0.00000, 1.00000, 1.
1, 22.50000, 0.12500, 1, 4, 4, 0.12500, 0, 0, 0.00000, 0, 2, 200.00000, 71.00000, 0.
1, 33.17000, 3.04000, 1, 8, 8, 2.04000, 1, 1, 1.00000, 1, 2, 180.00000, 18028.00000, 1.
0, 30.67000, 12.00000, 2, 8, 4, 2.00000, 1, 1, 1.00000, 0, 2, 220.00000, 20.00000, 1.
1, 23.08000, 2.50000, 2, 8, 4, 1.08500, 1, 1, 11.00000, 1, 2, 60.00000, 2185.00000, 1.
1, 27.00000, 0.75000, 2, 8, 8, 4.25000, 1, 1, 3.00000, 1, 2, 312.00000, 151.00000, 1.
0, 20.42000, 10.50000, 1, 14, 8, 0.00000, 0, 0, 0.00000, 1, 2, 154.00000, 33.00000, 0.
1, 52.33000, 1.37500, 1, 8, 8, 9.46000, 1, 0, 0.00000, 1, 2, 200.00000, 101.00000, 0.
1, 23.08000, 11.50000, 2, 9, 8, 2.12500, 1, 1, 11.00000, 1, 2, 290.00000, 285.00000, 1.
1, 42.83000, 1.25000, 2, 7, 4, 13.87500, 0, 1, 1.00000, 1, 2, 352.00000, 113.00000, 0.
1, 74.83000, 19.00000, 1, 1, 1, 0.04000, 0, 1, 2.00000, 0, 2, 0.00000, 352.00000, 0.
1, 25.00000, 12.50000, 2, 6, 4, 3.00000, 1, 0, 0.00000, 1, 1, 20.00000, 1.00000, 1.
1, 39.58000, 13.91500, 2, 9, 4, 8.62500, 1, 1, 6.00000, 1, 2, 70.00000, 1.00000, 1.
0, 47.75000, 8.00000, 2, 8, 4, 7.87500, 1, 1, 6.00000, 1, 2, 0.00000, 1261.00000, 1.
0, 47.42000, 3.00000, 2, 14, 4, 13.87500, 1, 1, 2.00000, 1, 2, 519.00000, 1705.00000, 1.
1, 23.17000, 0.00000, 2, 13, 4, 0.08500, 1, 0, 0.00000, 0, 2, 0.00000, 1.00000, 1.
1, 22.58000, 1.50000, 1, 6, 4, 0.54000, 0, 0, 0.00000, 1, 2, 120.00000, 68.00000, 0.
1, 26.75000, 1.12500, 2, 14, 8, 1.25000, 1, 0, 0.00000, 0, 2, 0.00000, 5299.00000, 1.
1, 63.33000, 0.54000, 2, 8, 4, 0.58500, 1, 1, 3.00000, 1, 2, 180.00000, 1.00000, 0.
1, 23.75000, 0.41500, 1, 8, 4, 0.04000, 0, 1, 2.00000, 0, 2, 128.00000, 7.00000, 0.
0, 20.75000, 10.25000, 2, 11, 4, 0.71000, 1, 1, 2.00000, 1, 2, 49.00000, 1.00000, 1.
0, 24.50000, 1.75000, 1, 8, 4, 0.16500, 0, 0, 0.00000, 0, 2, 132.00000, 1.00000, 0.
1, 16.17000, 0.04000, 2, 8, 4, 0.04000, 0, 0, 0.00000, 0, 2, 0.00000, 1.00000, 1.
0, 29.50000, 2.00000, 1, 10, 8, 2.00000, 0, 0, 0.00000, 0, 2, 256.00000, 18.00000, 0.
0, 52.83000, 15.00000, 2, 8, 4, 5.50000, 1, 1, 14.00000, 0, 2, 0.00000, 2201.00000, 1.
1, 32.33000, 3.50000, 2, 4, 4, 0.50000, 0, 0, 0.00000, 1, 2, 232.00000, 1.00000, 0.
1, 21.08000, 4.12500, 1, 3, 8, 0.04000, 0, 0, 0.00000, 0, 2, 140.00000, 101.00000, 0.
1, 28.17000, 0.12500, 1, 4, 4, 0.08500, 0, 0, 0.00000, 0, 2, 216.00000, 2101.00000, 0.
1, 19.00000, 1.75000, 1, 8, 4, 2.33500, 0, 0, 0.00000, 1, 2, 112.00000, 7.00000, 0.
1, 27.58000, 3.25000, 1, 11, 8, 5.08500, 0, 1, 2.00000, 1, 2, 369.00000, 2.00000, 0.
1, 27.83000, 1.50000, 2, 9, 4, 2.00000, 1, 1, 11.00000, 1, 2, 434.00000, 36.00000, 1.
1, 40.00000, 6.50000, 2, 6, 5, 3.50000, 1, 1, 1.00000, 0, 2, 0.00000, 501.00000, 1.
0, 37.33000, 2.50000, 2, 3, 8, 0.21000, 0, 0, 0.00000, 0, 2, 260.00000, 247.00000, 0.
1, 42.50000, 4.91500, 1, 9, 4, 3.16500, 1, 0, 0.00000, 1, 2, 52.00000, 1443.00000, 1.
1, 56.75000, 12.25000, 2, 7, 4, 1.25000, 1, 1, 4.00000, 1, 2, 200.00000, 1.00000, 1.
1, 43.17000, 5.00000, 2, 3, 5, 2.25000, 0, 0, 0.00000, 1, 2, 141.00000, 1.00000, 0.
0, 23.75000, 0.71000, 2, 9, 4, 0.25000, 0, 1, 1.00000, 1, 2, 240.00000, 5.00000, 0.
1, 18.50000, 2.00000, 2, 3, 4, 1.50000, 1, 1, 2.00000, 0, 2, 120.00000, 301.00000, 1.
0, 40.83000, 3.50000, 2, 3, 5, 0.50000, 0, 0, 0.00000, 0, 1, 1160.00000, 1.00000, 0.
0, 24.50000, 0.50000, 2, 11, 8, 1.50000, 1, 0, 0.00000, 0, 2, 280.00000, 825.00000, 1.
1, 42.00000, 9.79000, 2, 14, 8, 7.96000, 1, 1, 8.00000, 0, 2, 0.00000, 1.00000, 1.
0, 19.50000, 0.16500, 2, 11, 4, 0.04000, 0, 0, 0.00000, 1, 2, 380.00000, 1.00000, 0.
1, 21.50000, 11.50000, 2, 3, 4, 0.50000, 1, 0, 0.00000, 1, 2, 100.00000, 69.00000, 0.
1, 31.25000, 2.83500, 2, 1, 1, 0.00000, 0, 1, 5.00000, 0, 2, 176.00000, 147.00000, 0.
1, 27.25000, 1.58500, 2, 13, 8, 1.83500, 1, 1, 12.00000, 1, 2, 583.00000, 714.00000, 1.
1, 48.75000, 26.33500, 1, 1, 1, 0.00000, 1, 0, 0.00000, 1, 2, 0.00000, 1.00000, 0.
0, 30.42000, 1.37500, 2, 9, 8, 0.04000, 0, 1, 3.00000, 0, 2, 0.00000, 34.00000, 0.
1, 29.42000, 1.25000, 2, 9, 4, 1.75000, 0, 0, 0.00000, 0, 2, 200.00000, 1.00000, 0.
1, 28.25000, 5.04000, 1, 8, 5, 1.50000, 1, 1, 8.00000, 1, 2, 144.00000, 8.00000, 1.
1, 40.25000, 21.50000, 2, 10, 9, 20.00000, 1, 1, 11.00000, 0, 2, 0.00000, 1201.00000, 1.
1, 36.50000, 4.25000, 2, 11, 4, 3.50000, 0, 0, 0.00000, 0, 2, 454.00000, 51.00000, 0.
1, 25.58000, 0.33500, 2, 4, 8, 3.50000, 0, 0, 0.00000, 1, 2, 340.00000, 1.00000, 0.
1, 29.83000, 3.50000, 2, 8, 4, 0.16500, 0, 0, 0.00000, 0, 2, 216.00000, 1.00000, 0.
1, 23.08000, 0.00000, 2, 4, 4, 1.00000, 0, 1, 11.00000, 0, 1, 0.00000, 1.00000, 0.
0, 32.17000, 1.46000, 2, 9, 4, 1.08500, 1, 1, 16.00000, 0, 2, 120.00000, 2080.00000, 1.
1, 25.17000, 3.50000, 2, 13, 4, 0.62500, 1, 1, 7.00000, 0, 2, 0.00000, 7060.00000, 1.
0, 35.17000, 3.75000, 2, 1, 1, 0.00000, 0, 1, 6.00000, 0, 2, 0.00000, 201.00000, 0.
0, 18.58000, 10.00000, 2, 2, 4, 0.41500, 0, 0, 0.00000, 0, 2, 80.00000, 43.00000, 0.
1, 39.92000, 5.00000, 2, 3, 5, 0.21000, 0, 0, 0.00000, 0, 2, 550.00000, 1.00000, 0.
1, 23.42000, 1.00000, 2, 8, 4, 0.50000, 0, 0, 0.00000, 1, 1, 280.00000, 1.00000, 0.
1, 37.58000, 0.00000, 2, 8, 4, 0.00000, 0, 0, 0.00000, 0, 3, 184.00000, 1.00000, 1.
0, 24.75000, 13.66500, 2, 11, 8, 1.50000, 0, 0, 0.00000, 0, 2, 280.00000, 2.00000, 0.
0, 47.00000, 13.00000, 2, 3, 5, 5.16500, 1, 1, 9.00000, 1, 2, 0.00000, 1.00000, 1.
1, 34.17000, 5.25000, 2, 9, 4, 0.08500, 0, 0, 0.00000, 1, 2, 290.00000, 7.00000, 1.
1, 22.17000, 0.58500, 1, 1, 1, 0.00000, 0, 0, 0.00000, 0, 2, 100.00000, 1.00000, 0.
1, 27.75000, 1.29000, 2, 4, 8, 0.25000, 0, 0, 0.00000, 1, 1, 140.00000, 1.00000, 0.
1, 42.75000, 4.08500, 2, 6, 4, 0.04000, 0, 0, 0.00000, 0, 2, 108.00000, 101.00000, 0.
1, 28.67000, 14.50000, 2, 2, 4, 0.12500, 0, 0, 0.00000, 0, 2, 0.00000, 287.00000, 0.
1, 36.25000, 5.00000, 2, 8, 5, 2.50000, 1, 1, 6.00000, 0, 2, 0.00000, 368.00000, 1.
0, 18.17000, 10.00000, 1, 11, 8, 0.16500, 0, 0, 0.00000, 0, 2, 340.00000, 1.00000, 0.
1, 21.25000, 1.50000, 2, 9, 4, 1.50000, 0, 0, 0.00000, 0, 2, 150.00000, 9.00000, 1.
0, 38.92000, 1.66500, 2, 6, 4, 0.25000, 0, 0, 0.00000, 0, 2, 0.00000, 391.00000, 0.
1, 31.83000, 0.04000, 1, 7, 4, 0.04000, 0, 0, 0.00000, 0, 2, 0.00000, 1.00000, 0.
0, 17.33000, 9.50000, 2, 6, 4, 1.75000, 0, 1, 10.00000, 1, 2, 0.00000, 11.00000, 0.
0, 20.42000, 0.83500, 2, 11, 4, 1.58500, 1, 1, 1.00000, 0, 2, 0.00000, 1.00000, 1.
0, 39.08000, 4.00000, 2, 8, 4, 3.00000, 0, 0, 0.00000, 0, 2, 480.00000, 1.00000, 0.
1, 38.67000, 0.21000, 2, 4, 4, 0.08500, 1, 0, 0.00000, 1, 2, 280.00000, 1.00000, 1.
1, 27.67000, 13.75000, 2, 9, 4, 5.75000, 1, 0, 0.00000, 1, 2, 487.00000, 501.00000, 1.
1, 27.75000, 0.58500, 1, 13, 4, 0.25000, 1, 1, 2.00000, 0, 2, 260.00000, 501.00000, 1.
1, 19.00000, 0.00000, 1, 1, 1, 0.00000, 0, 1, 4.00000, 0, 2, 45.00000, 2.00000, 0.
0, 25.00000, 0.87500, 2, 14, 8, 1.04000, 1, 0, 0.00000, 1, 2, 160.00000, 5861.00000, 1.
1, 27.67000, 2.00000, 2, 14, 8, 1.00000, 1, 1, 4.00000, 0, 2, 140.00000, 7545.00000, 1.
1, 22.25000, 9.00000, 2, 6, 4, 0.08500, 0, 0, 0.00000, 0, 2, 0.00000, 1.00000, 0.
0, 49.83000, 13.58500, 2, 4, 8, 8.50000, 1, 0, 0.00000, 1, 2, 0.00000, 1.00000, 1.
1, 32.33000, 2.50000, 2, 8, 4, 1.25000, 0, 0, 0.00000, 1, 2, 280.00000, 1.00000, 0.
1, 38.25000, 10.12500, 1, 4, 4, 0.12500, 0, 0, 0.00000, 0, 2, 160.00000, 1.00000, 0.
1, 47.33000, 6.50000, 2, 8, 4, 1.00000, 0, 0, 0.00000, 1, 2, 0.00000, 229.00000, 0.
1, 27.83000, 4.00000, 1, 3, 8, 5.75000, 1, 1, 2.00000, 1, 2, 75.00000, 1.00000, 0.
0, 35.75000, 0.91500, 2, 6, 4, 0.75000, 1, 1, 4.00000, 0, 2, 0.00000, 1584.00000, 1.
1, 33.58000, 0.25000, 2, 3, 5, 4.00000, 0, 0, 0.00000, 1, 1, 420.00000, 1.00000, 0.
1, 34.08000, 0.08000, 1, 7, 5, 0.04000, 1, 1, 1.00000, 1, 2, 280.00000, 2001.00000, 1.
0, 20.75000, 10.33500, 2, 13, 8, 0.33500, 1, 1, 1.00000, 1, 2, 80.00000, 51.00000, 1.
1, 33.17000, 1.00000, 2, 14, 4, 0.75000, 1, 1, 7.00000, 1, 2, 340.00000, 4072.00000, 1.
1, 22.75000, 11.00000, 2, 11, 4, 2.50000, 1, 1, 7.00000, 1, 2, 100.00000, 810.00000, 1.
1, 48.75000, 8.50000, 2, 8, 8, 12.50000, 1, 1, 9.00000, 0, 2, 181.00000, 1656.00000, 1.
1, 40.58000, 5.00000, 2, 8, 4, 5.00000, 1, 1, 7.00000, 0, 2, 0.00000, 3066.00000, 1.
1, 20.67000, 0.83500, 1, 8, 4, 2.00000, 0, 0, 0.00000, 1, 1, 240.00000, 1.00000, 0.
0, 38.75000, 1.50000, 2, 1, 1, 0.00000, 0, 0, 0.00000, 0, 2, 76.00000, 1.00000, 0.
0, 57.08000, 19.50000, 2, 8, 4, 5.50000, 1, 1, 7.00000, 0, 2, 0.00000, 3001.00000, 1.
0, 31.25000, 3.75000, 2, 13, 8, 0.62500, 1, 1, 9.00000, 1, 2, 181.00000, 1.00000, 1.
1, 22.00000, 0.79000, 2, 9, 4, 0.29000, 0, 1, 1.00000, 0, 2, 420.00000, 284.00000, 0.
0, 58.33000, 10.00000, 2, 11, 4, 4.00000, 1, 1, 14.00000, 0, 2, 0.00000, 1603.00000, 1.
1, 28.92000, 0.37500, 2, 8, 4, 0.29000, 0, 0, 0.00000, 0, 2, 220.00000, 141.00000, 0.
0, 46.00000, 4.00000, 2, 5, 3, 0.00000, 1, 0, 0.00000, 0, 2, 100.00000, 961.00000, 1.
1, 21.00000, 3.00000, 1, 2, 4, 1.08500, 1, 1, 8.00000, 1, 2, 160.00000, 2.00000, 1.
0, 24.75000, 12.50000, 2, 6, 4, 1.50000, 1, 1, 12.00000, 1, 2, 120.00000, 568.00000, 1.
0, 20.83000, 0.50000, 1, 10, 2, 1.00000, 0, 0, 0.00000, 0, 2, 260.00000, 1.00000, 0.
1, 24.58000, 13.50000, 1, 1, 1, 0.00000, 0, 0, 0.00000, 0, 2, 184.00000, 1.00000, 0.
0, 26.50000, 2.71000, 1, 8, 4, 0.08500, 0, 0, 0.00000, 0, 1, 80.00000, 1.00000, 0.
1, 40.92000, 0.83500, 2, 1, 1, 0.00000, 1, 0, 0.00000, 0, 2, 130.00000, 2.00000, 0.
0, 38.33000, 4.41500, 2, 8, 4, 0.12500, 0, 0, 0.00000, 0, 2, 160.00000, 1.00000, 0.
1, 19.58000, 0.58500, 2, 1, 1, 0.00000, 0, 1, 3.00000, 0, 2, 350.00000, 770.00000, 0.
1, 39.25000, 9.50000, 2, 7, 4, 6.50000, 1, 1, 14.00000, 0, 2, 240.00000, 4608.00000, 1.
1, 25.75000, 0.50000, 2, 8, 4, 1.46000, 1, 1, 5.00000, 1, 2, 312.00000, 1.00000, 1.
0, 46.08000, 3.00000, 2, 8, 4, 2.37500, 1, 1, 8.00000, 1, 2, 396.00000, 4160.00000, 1.
1, 19.67000, 10.00000, 1, 4, 8, 0.83500, 1, 0, 0.00000, 1, 2, 140.00000, 1.00000, 0.
0, 22.25000, 1.25000, 1, 1, 1, 3.25000, 0, 0, 0.00000, 0, 2, 280.00000, 1.00000, 0.
1, 18.83000, 3.54000, 1, 1, 1, 0.00000, 0, 0, 0.00000, 1, 2, 180.00000, 2.00000, 0.
1, 64.08000, 20.00000, 2, 14, 8, 17.50000, 1, 1, 9.00000, 1, 2, 0.00000, 1001.00000, 1.
0, 16.50000, 1.25000, 2, 11, 4, 0.25000, 0, 1, 1.00000, 0, 2, 108.00000, 99.00000, 0.
0, 68.67000, 15.00000, 2, 10, 9, 0.00000, 1, 1, 14.00000, 0, 2, 0.00000, 3377.00000, 1.
1, 76.75000, 22.29000, 2, 10, 9, 12.75000, 1, 1, 1.00000, 1, 2, 0.00000, 110.00000, 1.
0, 15.92000, 2.87500, 2, 11, 4, 0.08500, 0, 0, 0.00000, 0, 2, 120.00000, 1.00000, 0.
1, 34.83000, 4.00000, 2, 2, 5, 12.50000, 1, 0, 0.00000, 1, 2, 184.00000, 1.00000, 0.
0, 47.42000, 8.00000, 2, 10, 5, 6.50000, 1, 1, 6.00000, 0, 2, 375.00000, 51101.00000, 1.
1, 23.17000, 0.00000, 2, 8, 4, 0.00000, 0, 0, 0.00000, 0, 3, 184.00000, 1.00000, 1.
1, 45.17000, 1.50000, 2, 8, 4, 2.50000, 1, 0, 0.00000, 1, 2, 140.00000, 1.00000, 0.
1, 15.17000, 7.00000, 2, 10, 4, 1.00000, 0, 0, 0.00000, 0, 2, 600.00000, 1.00000, 0.
1, 18.83000, 0.41500, 1, 8, 4, 0.16500, 0, 1, 1.00000, 0, 2, 200.00000, 2.00000, 0.
1, 52.50000, 6.50000, 2, 4, 4, 6.29000, 1, 1, 15.00000, 0, 2, 0.00000, 11203.00000, 1.
1, 19.17000, 0.00000, 1, 7, 5, 0.00000, 0, 0, 0.00000, 1, 1, 500.00000, 2.00000, 1.
1, 18.00000, 0.16500, 2, 11, 7, 0.21000, 0, 0, 0.00000, 0, 2, 200.00000, 41.00000, 1.
1, 37.50000, 0.83500, 2, 10, 4, 0.04000, 0, 0, 0.00000, 0, 2, 120.00000, 6.00000, 0.
1, 22.67000, 1.58500, 1, 9, 4, 3.08500, 1, 1, 6.00000, 0, 2, 80.00000, 1.00000, 1.
1, 47.83000, 4.16500, 2, 14, 5, 0.08500, 0, 0, 0.00000, 1, 2, 520.00000, 1.00000, 0.
1, 34.08000, 2.50000, 2, 8, 4, 1.00000, 0, 0, 0.00000, 0, 2, 460.00000, 17.00000, 0.
0, 33.08000, 1.62500, 2, 2, 4, 0.54000, 0, 0, 0.00000, 1, 2, 0.00000, 1.00000, 0.
1, 43.08000, 0.37500, 1, 8, 4, 0.37500, 1, 1, 8.00000, 1, 2, 300.00000, 163.00000, 1.
1, 34.50000, 4.04000, 1, 3, 5, 8.50000, 1, 1, 7.00000, 1, 2, 195.00000, 1.00000, 1.
1, 42.75000, 3.00000, 2, 3, 5, 1.00000, 1, 0, 0.00000, 0, 2, 0.00000, 201.00000, 0.
1, 18.25000, 0.16500, 2, 2, 4, 0.25000, 0, 0, 0.00000, 1, 1, 280.00000, 1.00000, 0.
1, 23.08000, 2.50000, 2, 1, 1, 0.08500, 0, 0, 0.00000, 1, 2, 100.00000, 4209.00000, 0.
0, 22.50000, 8.46000, 1, 14, 4, 2.46000, 0, 0, 0.00000, 0, 2, 164.00000, 1.00000, 1.
1, 17.92000, 0.20500, 2, 6, 4, 0.04000, 0, 0, 0.00000, 0, 2, 280.00000, 751.00000, 0.
1, 18.42000, 10.41500, 1, 6, 4, 0.12500, 1, 0, 0.00000, 0, 2, 120.00000, 376.00000, 0.
0, 27.67000, 1.50000, 2, 7, 4, 2.00000, 1, 0, 0.00000, 0, 1, 368.00000, 1.00000, 0.
0, 18.92000, 9.25000, 1, 8, 4, 1.00000, 1, 1, 4.00000, 1, 2, 80.00000, 501.00000, 1.
1, 22.67000, 0.75000, 2, 3, 4, 1.58500, 0, 1, 1.00000, 1, 2, 400.00000, 10.00000, 0.
1, 62.50000, 12.75000, 1, 8, 8, 5.00000, 1, 0, 0.00000, 0, 2, 112.00000, 1.00000, 0.
0, 23.50000, 9.00000, 2, 11, 4, 8.50000, 1, 1, 5.00000, 1, 2, 120.00000, 1.00000, 1.
1, 35.25000, 3.16500, 2, 14, 8, 3.75000, 1, 0, 0.00000, 1, 2, 680.00000, 1.00000, 0.
0, 56.83000, 4.25000, 1, 1, 1, 5.00000, 0, 0, 0.00000, 1, 2, 0.00000, 5.00000, 0.
0, 53.33000, 0.16500, 2, 1, 1, 0.00000, 0, 0, 0.00000, 1, 1, 62.00000, 28.00000, 0.
1, 41.17000, 4.04000, 2, 13, 8, 7.00000, 1, 1, 8.00000, 0, 2, 320.00000, 1.00000, 1.
1, 42.17000, 5.04000, 2, 11, 8, 12.75000, 1, 0, 0.00000, 1, 2, 92.00000, 1.00000, 1.
1, 41.17000, 1.25000, 1, 9, 4, 0.25000, 0, 0, 0.00000, 0, 2, 0.00000, 196.00000, 0.
0, 33.75000, 0.75000, 2, 4, 5, 1.00000, 1, 1, 3.00000, 1, 2, 212.00000, 1.00000, 0.
1, 25.67000, 12.50000, 2, 13, 4, 1.21000, 1, 1, 67.00000, 1, 2, 140.00000, 259.00000, 1.
1, 24.33000, 6.62500, 1, 2, 4, 5.50000, 1, 0, 0.00000, 1, 1, 100.00000, 1.00000, 1.
1, 23.33000, 11.62500, 1, 9, 4, 0.83500, 1, 0, 0.00000, 1, 2, 160.00000, 301.00000, 1.
1, 30.67000, 2.50000, 2, 13, 8, 2.25000, 0, 0, 0.00000, 1, 1, 340.00000, 1.00000, 0.
1, 37.17000, 4.00000, 2, 8, 5, 5.00000, 1, 0, 0.00000, 1, 1, 280.00000, 1.00000, 0.
1, 26.25000, 1.54000, 2, 9, 4, 0.12500, 0, 0, 0.00000, 0, 2, 100.00000, 1.00000, 0.
0, 29.75000, 0.66500, 2, 9, 4, 0.25000, 0, 0, 0.00000, 1, 2, 300.00000, 1.00000, 0.
0, 23.00000, 1.83500, 2, 5, 3, 0.00000, 0, 1, 1.00000, 0, 2, 200.00000, 54.00000, 0.
1, 17.25000, 3.00000, 2, 4, 4, 0.04000, 0, 0, 0.00000, 1, 2, 160.00000, 41.00000, 0.
1, 29.25000, 14.79000, 2, 6, 4, 5.04000, 1, 1, 5.00000, 1, 2, 168.00000, 1.00000, 1.
0, 28.58000, 3.54000, 2, 3, 5, 0.50000, 1, 0, 0.00000, 1, 2, 171.00000, 1.00000, 0.
1, 34.58000, 0.00000, 2, 8, 4, 0.00000, 0, 0, 0.00000, 0, 3, 184.00000, 1.00000, 0.
1, 23.42000, 0.58500, 2, 8, 8, 0.08500, 1, 0, 0.00000, 0, 2, 180.00000, 1.00000, 0.
1, 25.00000, 11.25000, 2, 8, 4, 2.50000, 1, 1, 17.00000, 0, 2, 200.00000, 1209.00000, 1.
0, 18.75000, 7.50000, 2, 11, 4, 2.71000, 1, 1, 5.00000, 0, 2, 184.00000, 26727.00000, 1.
1, 17.08000, 0.25000, 2, 11, 4, 0.33500, 0, 1, 4.00000, 0, 2, 160.00000, 9.00000, 0.
0, 16.08000, 0.33500, 2, 1, 1, 0.00000, 0, 1, 1.00000, 0, 2, 160.00000, 127.00000, 0.
1, 32.92000, 2.50000, 2, 6, 4, 1.75000, 0, 1, 2.00000, 1, 2, 720.00000, 1.00000, 0.
0, 20.33000, 10.00000, 2, 8, 8, 1.00000, 1, 1, 4.00000, 0, 2, 50.00000, 1466.00000, 1.
0, 21.75000, 1.75000, 1, 5, 3, 0.00000, 0, 0, 0.00000, 0, 2, 160.00000, 1.00000, 0.
1, 33.17000, 1.04000, 2, 12, 8, 6.50000, 1, 0, 0.00000, 1, 2, 164.00000, 31286.00000, 1.
0, 25.33000, 2.08500, 2, 8, 8, 2.75000, 1, 0, 0.00000, 1, 2, 360.00000, 2.00000, 0.
0, 24.75000, 3.00000, 2, 11, 8, 1.83500, 1, 1, 19.00000, 0, 2, 0.00000, 501.00000, 1.
1, 30.83000, 0.00000, 2, 9, 4, 1.25000, 1, 1, 1.00000, 0, 2, 202.00000, 1.00000, 1.
1, 20.75000, 5.08500, 1, 5, 4, 0.29000, 0, 0, 0.00000, 0, 2, 140.00000, 185.00000, 0.
0, 40.33000, 8.12500, 1, 4, 4, 0.16500, 0, 1, 2.00000, 0, 2, 184.00000, 19.00000, 0.
1, 29.42000, 1.25000, 2, 8, 8, 0.25000, 0, 1, 2.00000, 1, 2, 400.00000, 109.00000, 0.
1, 40.92000, 0.50000, 1, 7, 4, 0.50000, 0, 0, 0.00000, 1, 2, 130.00000, 1.00000, 0.
0, 29.50000, 0.46000, 2, 4, 4, 0.54000, 1, 1, 4.00000, 0, 2, 380.00000, 501.00000, 1.
1, 54.42000, 0.50000, 1, 4, 8, 3.96000, 1, 0, 0.00000, 0, 2, 180.00000, 315.00000, 1.
1, 34.00000, 5.50000, 1, 8, 4, 1.50000, 0, 0, 0.00000, 1, 2, 60.00000, 1.00000, 0.
1, 25.00000, 12.00000, 2, 4, 4, 2.25000, 1, 1, 2.00000, 1, 2, 120.00000, 6.00000, 0.
0, 26.58000, 2.54000, 1, 1, 1, 0.00000, 0, 0, 0.00000, 1, 2, 180.00000, 61.00000, 0.
0, 33.08000, 4.62500, 2, 11, 8, 1.62500, 1, 1, 2.00000, 0, 2, 0.00000, 1.00000, 1.
1, 33.67000, 2.16500, 2, 8, 4, 1.50000, 0, 0, 0.00000, 0, 3, 120.00000, 1.00000, 0.
1, 36.17000, 5.50000, 2, 3, 5, 5.00000, 0, 0, 0.00000, 0, 2, 210.00000, 688.00000, 0.
1, 19.50000, 0.29000, 2, 4, 4, 0.29000, 0, 0, 0.00000, 0, 2, 280.00000, 365.00000, 0.
1, 24.17000, 0.87500, 2, 11, 4, 4.62500, 1, 1, 2.00000, 1, 2, 520.00000, 2001.00000, 1.
0, 30.50000, 6.50000, 2, 8, 5, 4.00000, 1, 1, 7.00000, 1, 2, 0.00000, 3066.00000, 1.
1, 20.00000, 7.00000, 2, 8, 4, 0.50000, 0, 0, 0.00000, 0, 2, 0.00000, 1.00000, 0.
1, 25.33000, 0.58000, 2, 8, 4, 0.29000, 1, 1, 7.00000, 1, 2, 96.00000, 5125.00000, 1.
1, 29.58000, 4.75000, 2, 7, 4, 2.00000, 0, 1, 1.00000, 1, 2, 460.00000, 69.00000, 0.
1, 43.17000, 2.25000, 2, 3, 5, 0.75000, 1, 0, 0.00000, 0, 2, 560.00000, 1.00000, 0.
1, 28.75000, 1.16500, 2, 4, 4, 0.50000, 1, 0, 0.00000, 0, 1, 280.00000, 1.00000, 0.
1, 31.57000, 3.00000, 1, 3, 5, 7.00000, 0, 0, 0.00000, 0, 2, 0.00000, 2.00000, 0.
1, 20.25000, 9.96000, 2, 10, 2, 0.00000, 1, 0, 0.00000, 0, 2, 0.00000, 1.00000, 1.
1, 45.00000, 8.50000, 2, 13, 8, 14.00000, 1, 1, 1.00000, 1, 2, 88.00000, 2001.00000, 1.
0, 22.83000, 2.29000, 2, 11, 8, 2.29000, 1, 1, 7.00000, 1, 2, 140.00000, 2385.00000, 1.
0, 20.67000, 3.00000, 2, 11, 4, 0.16500, 1, 1, 3.00000, 0, 2, 100.00000, 7.00000, 1.
1, 27.83000, 1.50000, 2, 9, 4, 2.25000, 0, 1, 1.00000, 1, 2, 100.00000, 4.00000, 0.
1, 40.92000, 2.25000, 1, 14, 8, 10.00000, 1, 0, 0.00000, 1, 2, 176.00000, 1.00000, 0.
1, 56.42000, 28.00000, 1, 8, 4, 28.50000, 1, 1, 40.00000, 0, 2, 0.00000, 16.00000, 1.
0, 64.08000, 0.16500, 2, 1, 1, 0.00000, 1, 1, 1.00000, 0, 2, 232.00000, 101.00000, 1.
0, 22.42000, 11.25000, 1, 14, 8, 0.75000, 1, 1, 4.00000, 0, 2, 0.00000, 322.00000, 1.
0, 24.33000, 2.50000, 1, 3, 5, 4.50000, 0, 0, 0.00000, 0, 2, 200.00000, 457.00000, 0.
0, 69.50000, 6.00000, 2, 1, 1, 0.00000, 0, 0, 0.00000, 0, 1, 0.00000, 1.00000, 0.
1, 35.58000, 0.75000, 2, 4, 4, 1.50000, 0, 0, 0.00000, 1, 2, 231.00000, 1.00000, 0.
1, 48.33000, 12.00000, 2, 7, 4, 16.00000, 1, 0, 0.00000, 0, 1, 110.00000, 1.00000, 1.
0, 28.08000, 15.00000, 1, 10, 9, 0.00000, 1, 0, 0.00000, 0, 2, 0.00000, 13213.00000, 1.
1, 35.17000, 2.50000, 2, 4, 4, 4.50000, 1, 1, 7.00000, 0, 2, 150.00000, 1271.00000, 1.
1, 49.50000, 7.58500, 2, 3, 5, 7.58500, 1, 1, 15.00000, 1, 2, 0.00000, 5001.00000, 1.
1, 80.25000, 5.50000, 2, 8, 4, 0.54000, 1, 0, 0.00000, 0, 2, 0.00000, 341.00000, 0.
1, 29.25000, 13.00000, 2, 2, 8, 0.50000, 0, 0, 0.00000, 0, 2, 228.00000, 1.00000, 0.
0, 16.92000, 0.50000, 2, 3, 4, 0.16500, 0, 1, 6.00000, 1, 2, 240.00000, 36.00000, 0.
0, 16.00000, 0.16500, 2, 6, 4, 1.00000, 0, 1, 2.00000, 1, 2, 320.00000, 2.00000, 0.
1, 60.08000, 14.50000, 2, 1, 1, 18.00000, 1, 1, 15.00000, 1, 2, 0.00000, 1001.00000, 1.
1, 28.00000, 2.00000, 2, 4, 8, 4.16500, 1, 1, 2.00000, 1, 2, 181.00000, 1.00000, 1.
1, 41.50000, 1.54000, 2, 3, 5, 3.50000, 0, 0, 0.00000, 0, 2, 216.00000, 1.00000, 1.
1, 24.08000, 9.00000, 2, 6, 4, 0.25000, 0, 0, 0.00000, 1, 2, 0.00000, 1.00000, 0.
1, 24.50000, 13.33500, 1, 6, 4, 0.04000, 0, 0, 0.00000, 1, 2, 120.00000, 476.00000, 0.
1, 34.75000, 15.00000, 2, 12, 7, 5.37500, 1, 1, 9.00000, 1, 2, 0.00000, 135.00000, 1.
1, 33.67000, 1.25000, 2, 9, 4, 1.16500, 0, 0, 0.00000, 0, 2, 120.00000, 1.00000, 0.
0, 40.83000, 10.00000, 2, 11, 8, 1.75000, 1, 0, 0.00000, 0, 2, 29.00000, 838.00000, 1.
1, 20.42000, 1.83500, 2, 8, 4, 2.25000, 1, 1, 1.00000, 0, 2, 100.00000, 151.00000, 1.
1, 37.50000, 1.12500, 1, 2, 4, 1.50000, 0, 0, 0.00000, 1, 2, 431.00000, 1.00000, 1.
1, 48.50000, 4.25000, 2, 7, 4, 0.12500, 1, 0, 0.00000, 1, 2, 225.00000, 1.00000, 1.
1, 23.00000, 0.75000, 2, 7, 4, 0.50000, 0, 0, 0.00000, 1, 1, 320.00000, 1.00000, 0.
1, 35.00000, 3.37500, 2, 8, 8, 8.29000, 0, 0, 0.00000, 1, 2, 0.00000, 1.00000, 0.
1, 16.33000, 2.75000, 2, 6, 4, 0.66500, 0, 1, 1.00000, 0, 2, 80.00000, 22.00000, 0.
1, 22.67000, 10.50000, 2, 11, 8, 1.33500, 1, 0, 0.00000, 0, 2, 100.00000, 1.00000, 1.
0, 21.75000, 11.75000, 2, 8, 4, 0.25000, 0, 0, 0.00000, 1, 2, 180.00000, 1.00000, 0.
0, 25.08000, 2.54000, 1, 6, 4, 0.25000, 1, 0, 0.00000, 1, 2, 370.00000, 1.00000, 1.
1, 36.33000, 2.12500, 1, 9, 4, 0.08500, 1, 1, 1.00000, 0, 2, 50.00000, 1188.00000, 1.
0, 28.58000, 3.75000, 2, 8, 4, 0.25000, 0, 1, 1.00000, 1, 2, 40.00000, 155.00000, 0.
1, 22.17000, 12.12500, 2, 8, 4, 3.33500, 0, 1, 2.00000, 1, 2, 180.00000, 174.00000, 0.
1, 34.17000, 1.54000, 2, 13, 4, 1.54000, 1, 1, 1.00000, 1, 2, 520.00000, 50001.00000, 1.
1, 35.00000, 2.50000, 2, 3, 4, 1.00000, 0, 0, 0.00000, 1, 2, 210.00000, 1.00000, 0.
1, 28.58000, 3.62500, 2, 6, 4, 0.25000, 0, 0, 0.00000, 1, 2, 100.00000, 1.00000, 0.
0, 19.17000, 5.41500, 2, 3, 8, 0.29000, 0, 0, 0.00000, 0, 2, 80.00000, 485.00000, 0.
1, 23.25000, 1.00000, 2, 8, 4, 0.83500, 1, 0, 0.00000, 0, 1, 300.00000, 1.00000, 1.
1, 16.50000, 0.12500, 2, 8, 4, 0.16500, 0, 0, 0.00000, 0, 2, 132.00000, 1.00000, 0.
0, 20.08000, 0.12500, 2, 11, 4, 1.00000, 0, 1, 1.00000, 0, 2, 240.00000, 769.00000, 1.
1, 22.33000, 11.00000, 2, 9, 4, 2.00000, 1, 1, 1.00000, 0, 2, 80.00000, 279.00000, 1.
1, 34.00000, 5.08500, 1, 3, 5, 1.08500, 0, 0, 0.00000, 1, 2, 480.00000, 1.00000, 0.
0, 57.08000, 0.33500, 2, 3, 5, 1.00000, 1, 0, 0.00000, 1, 2, 252.00000, 2198.00000, 0.
1, 16.25000, 0.83500, 2, 7, 4, 0.08500, 1, 0, 0.00000, 0, 1, 200.00000, 1.00000, 0.
1, 32.83000, 2.50000, 2, 13, 8, 2.75000, 1, 1, 6.00000, 0, 2, 160.00000, 2073.00000, 1.
1, 48.25000, 25.08500, 2, 9, 4, 1.75000, 1, 1, 3.00000, 0, 2, 120.00000, 15.00000, 1.
1, 34.17000, 2.75000, 2, 3, 5, 2.50000, 0, 0, 0.00000, 1, 2, 232.00000, 201.00000, 0.
1, 18.33000, 1.21000, 1, 10, 2, 0.00000, 0, 0, 0.00000, 0, 2, 100.00000, 1.00000, 0.
1, 44.25000, 0.50000, 2, 7, 4, 10.75000, 1, 0, 0.00000, 0, 1, 400.00000, 1.00000, 0.
1, 38.92000, 1.75000, 2, 4, 4, 0.50000, 0, 0, 0.00000, 1, 2, 300.00000, 3.00000, 0.
1, 31.58000, 0.75000, 1, 6, 4, 3.50000, 0, 0, 0.00000, 1, 2, 320.00000, 1.00000, 0.
1, 25.08000, 1.71000, 2, 14, 4, 1.66500, 1, 1, 1.00000, 1, 2, 395.00000, 21.00000, 1.
1, 65.42000, 11.00000, 2, 10, 9, 20.00000, 1, 1, 7.00000, 1, 2, 22.00000, 1.00000, 1.
1, 41.33000, 0.00000, 2, 8, 5, 15.00000, 1, 0, 0.00000, 0, 2, 0.00000, 1.00000, 1.
1, 31.25000, 1.12500, 2, 1, 1, 0.00000, 0, 1, 1.00000, 0, 2, 96.00000, 20.00000, 0.
0, 36.75000, 4.71000, 2, 1, 1, 0.00000, 0, 0, 0.00000, 0, 2, 160.00000, 1.00000, 0.
1, 32.33000, 7.50000, 2, 10, 5, 1.58500, 1, 0, 0.00000, 1, 1, 420.00000, 1.00000, 0.
0, 31.92000, 3.12500, 2, 1, 1, 3.04000, 0, 1, 2.00000, 1, 2, 200.00000, 5.00000, 0.
1, 24.83000, 2.75000, 2, 8, 4, 2.25000, 1, 1, 6.00000, 0, 2, 184.00000, 601.00000, 1.
1, 21.92000, 0.54000, 1, 14, 4, 0.04000, 1, 1, 1.00000, 1, 2, 840.00000, 60.00000, 1.
1, 34.25000, 3.00000, 2, 13, 8, 7.41500, 1, 0, 0.00000, 1, 2, 0.00000, 1.00000, 1.
1, 51.83000, 3.00000, 1, 1, 1, 1.50000, 0, 0, 0.00000, 0, 2, 180.00000, 5.00000, 0.
0, 31.57000, 1.50000, 2, 1, 1, 0.00000, 0, 1, 2.00000, 1, 2, 200.00000, 106.00000, 0.
1, 38.42000, 0.70500, 2, 8, 4, 0.37500, 0, 1, 2.00000, 0, 2, 225.00000, 501.00000, 0.
1, 39.17000, 1.71000, 2, 14, 4, 0.12500, 1, 1, 5.00000, 1, 2, 480.00000, 1.00000, 1.
1, 18.17000, 2.46000, 2, 8, 7, 0.96000, 0, 1, 2.00000, 1, 2, 160.00000, 588.00000, 0.
1, 39.00000, 5.00000, 2, 13, 4, 3.50000, 1, 1, 10.00000, 1, 2, 0.00000, 1.00000, 1.
1, 20.00000, 11.04500, 2, 8, 4, 2.00000, 0, 0, 0.00000, 1, 2, 136.00000, 1.00000, 0.
1, 32.75000, 2.33500, 2, 2, 8, 5.75000, 0, 0, 0.00000, 1, 2, 292.00000, 1.00000, 0.
1, 18.58000, 5.71000, 2, 2, 4, 0.54000, 0, 0, 0.00000, 0, 2, 120.00000, 1.00000, 0.
0, 15.83000, 7.62500, 2, 11, 4, 0.12500, 0, 1, 1.00000, 1, 2, 0.00000, 161.00000, 0.
1, 39.33000, 5.87500, 2, 13, 8, 10.00000, 1, 1, 14.00000, 1, 2, 399.00000, 1.00000, 1.
0, 19.58000, 0.66500, 2, 9, 4, 1.66500, 0, 0, 0.00000, 0, 2, 220.00000, 6.00000, 0.
1, 21.33000, 10.50000, 2, 8, 4, 3.00000, 1, 0, 0.00000, 1, 2, 0.00000, 1.00000, 1.
0, 22.67000, 0.75000, 2, 8, 4, 2.00000, 0, 1, 2.00000, 1, 2, 200.00000, 395.00000, 0.
1, 25.67000, 3.25000, 2, 8, 8, 2.29000, 0, 1, 1.00000, 1, 2, 416.00000, 22.00000, 0.
1, 21.08000, 10.08500, 1, 10, 8, 1.25000, 0, 0, 0.00000, 0, 2, 260.00000, 1.00000, 0.
0, 49.00000, 1.50000, 2, 5, 3, 0.00000, 1, 0, 0.00000, 1, 2, 100.00000, 28.00000, 0.
1, 20.67000, 5.29000, 2, 11, 4, 0.37500, 1, 1, 1.00000, 0, 2, 160.00000, 1.00000, 0.
0, 19.67000, 0.21000, 2, 11, 8, 0.29000, 1, 1, 11.00000, 0, 2, 80.00000, 100.00000, 1.
1, 21.83000, 0.25000, 2, 2, 8, 0.66500, 1, 0, 0.00000, 1, 2, 0.00000, 1.00000, 1.
1, 26.83000, 0.54000, 2, 4, 1, 0.00000, 0, 0, 0.00000, 0, 2, 100.00000, 1.00000, 0.
0, 38.58000, 5.00000, 2, 13, 4, 13.50000, 1, 0, 0.00000, 1, 2, 980.00000, 1.00000, 0.
0, 50.08000, 12.54000, 2, 6, 4, 2.29000, 1, 1, 3.00000, 1, 2, 156.00000, 1.00000, 1.
0, 15.75000, 0.37500, 2, 8, 4, 1.00000, 0, 0, 0.00000, 0, 2, 120.00000, 19.00000, 0.
0, 24.50000, 12.75000, 2, 8, 5, 4.75000, 1, 1, 2.00000, 0, 2, 73.00000, 445.00000, 1.
1, 21.00000, 4.79000, 1, 9, 4, 2.25000, 1, 1, 1.00000, 1, 2, 80.00000, 301.00000, 1.
1, 22.08000, 11.00000, 2, 13, 4, 0.66500, 1, 0, 0.00000, 0, 2, 100.00000, 1.00000, 1.
1, 54.58000, 9.41500, 2, 1, 1, 14.41500, 1, 1, 11.00000, 1, 2, 30.00000, 301.00000, 1.
1, 18.08000, 5.50000, 2, 4, 4, 0.50000, 1, 0, 0.00000, 0, 2, 80.00000, 1.00000, 1.
1, 36.67000, 4.41500, 1, 4, 4, 0.25000, 1, 1, 10.00000, 1, 2, 320.00000, 1.00000, 1.
1, 38.17000, 10.12500, 2, 14, 4, 2.50000, 1, 1, 6.00000, 0, 2, 520.00000, 197.00000, 1.
1, 21.83000, 1.54000, 2, 4, 4, 0.08500, 0, 0, 0.00000, 1, 2, 356.00000, 1.00000, 0.
0, 51.92000, 6.50000, 2, 3, 5, 3.08500, 0, 0, 0.00000, 1, 2, 73.00000, 1.00000, 0.
1, 22.17000, 2.25000, 2, 3, 4, 0.12500, 0, 0, 0.00000, 0, 2, 160.00000, 11.00000, 0.
1, 52.42000, 1.50000, 2, 2, 4, 3.75000, 0, 0, 0.00000, 1, 2, 0.00000, 351.00000, 0.
0, 60.92000, 5.00000, 2, 6, 4, 4.00000, 1, 1, 4.00000, 0, 2, 0.00000, 100.00000, 1.
1, 20.17000, 5.62500, 2, 9, 4, 1.71000, 1, 0, 0.00000, 0, 1, 120.00000, 1.00000, 1.
1, 23.25000, 4.00000, 2, 8, 5, 0.25000, 1, 0, 0.00000, 1, 2, 160.00000, 1.00000, 1.
1, 36.17000, 0.42000, 1, 9, 4, 0.29000, 0, 0, 0.00000, 1, 2, 309.00000, 3.00000, 0.
0, 42.25000, 1.75000, 1, 8, 4, 0.00000, 0, 0, 0.00000, 1, 2, 150.00000, 2.00000, 0.
1, 23.58000, 0.83500, 2, 3, 8, 0.08500, 0, 0, 0.00000, 1, 2, 220.00000, 6.00000, 0.
0, 36.00000, 1.00000, 2, 8, 4, 2.00000, 1, 1, 11.00000, 0, 2, 0.00000, 457.00000, 1.
1, 39.58000, 5.00000, 2, 1, 1, 0.00000, 0, 1, 2.00000, 0, 2, 17.00000, 2.00000, 0.
0, 18.83000, 4.41500, 1, 8, 8, 3.00000, 1, 0, 0.00000, 0, 2, 240.00000, 1.00000, 1.
1, 27.25000, 0.62500, 2, 6, 4, 0.45500, 1, 0, 0.00000, 1, 2, 200.00000, 1.00000, 0.
1, 32.42000, 3.00000, 2, 2, 4, 0.16500, 0, 0, 0.00000, 1, 2, 120.00000, 1.00000, 0.
1, 19.42000, 1.50000, 1, 13, 4, 2.00000, 1, 0, 0.00000, 1, 2, 100.00000, 21.00000, 0.
0, 22.58000, 10.75000, 2, 11, 4, 0.41500, 1, 1, 5.00000, 1, 2, 0.00000, 561.00000, 1.
1, 39.92000, 6.21000, 2, 11, 4, 0.04000, 1, 1, 1.00000, 0, 2, 200.00000, 301.00000, 1.
1, 22.67000, 0.16500, 2, 8, 3, 2.25000, 0, 0, 0.00000, 1, 1, 0.00000, 1.00000, 1.
0, 23.42000, 0.79000, 1, 11, 4, 1.50000, 1, 1, 2.00000, 1, 2, 80.00000, 401.00000, 1.
0, 30.00000, 5.29000, 2, 10, 2, 2.25000, 1, 1, 5.00000, 1, 2, 99.00000, 501.00000, 1.
0, 40.33000, 7.54000, 1, 11, 8, 8.00000, 1, 1, 14.00000, 0, 2, 0.00000, 2301.00000, 1.
0, 36.75000, 5.12500, 2, 10, 4, 5.00000, 1, 0, 0.00000, 1, 2, 0.00000, 4001.00000, 1.
1, 31.00000, 2.08500, 2, 8, 4, 0.08500, 0, 0, 0.00000, 0, 2, 300.00000, 1.00000, 0.
0, 25.17000, 2.87500, 2, 14, 8, 0.87500, 1, 0, 0.00000, 0, 2, 360.00000, 1.00000, 1.
1, 27.42000, 12.50000, 2, 6, 5, 0.25000, 0, 0, 0.00000, 1, 2, 720.00000, 1.00000, 0.
1, 31.57000, 4.00000, 2, 14, 4, 5.00000, 1, 1, 3.00000, 1, 2, 290.00000, 2280.00000, 1.
1, 34.08000, 6.50000, 2, 6, 4, 0.12500, 1, 0, 0.00000, 1, 2, 443.00000, 1.00000, 0.
1, 22.08000, 2.33500, 2, 4, 4, 0.75000, 0, 0, 0.00000, 0, 2, 180.00000, 1.00000, 0.
1, 31.08000, 3.08500, 2, 8, 4, 2.50000, 0, 1, 2.00000, 1, 2, 160.00000, 42.00000, 0.
1, 31.57000, 0.50000, 2, 8, 5, 0.83500, 1, 0, 0.00000, 1, 1, 320.00000, 1.00000, 0.
1, 16.00000, 3.12500, 2, 9, 4, 0.08500, 0, 1, 1.00000, 0, 2, 0.00000, 7.00000, 0.
1, 27.25000, 1.66500, 2, 13, 8, 5.08500, 1, 1, 9.00000, 0, 2, 399.00000, 828.00000, 1.
1, 25.17000, 3.00000, 2, 8, 4, 1.25000, 0, 1, 1.00000, 0, 2, 0.00000, 23.00000, 0.
1, 67.75000, 5.50000, 2, 10, 9, 13.00000, 1, 1, 1.00000, 1, 2, 0.00000, 1.00000, 1.
0, 18.83000, 9.50000, 2, 9, 4, 1.62500, 1, 1, 6.00000, 1, 2, 40.00000, 601.00000, 1.
0, 27.25000, 0.29000, 2, 7, 8, 0.12500, 0, 1, 1.00000, 1, 2, 272.00000, 109.00000, 0.
0, 19.58000, 0.66500, 1, 8, 4, 1.00000, 0, 1, 1.00000, 0, 2, 2000.00000, 3.00000, 0.
1, 30.75000, 1.58500, 2, 2, 4, 0.58500, 0, 0, 0.00000, 1, 1, 0.00000, 1.00000, 0.
0, 50.25000, 0.83500, 2, 6, 4, 0.50000, 0, 0, 0.00000, 1, 2, 240.00000, 118.00000, 0.
1, 31.08000, 1.50000, 1, 9, 4, 0.04000, 0, 0, 0.00000, 0, 1, 160.00000, 1.00000, 0.
1, 51.58000, 15.00000, 2, 8, 4, 8.50000, 1, 1, 9.00000, 0, 2, 0.00000, 1.00000, 1.
0, 36.58000, 0.29000, 2, 1, 1, 0.00000, 0, 1, 10.00000, 0, 2, 200.00000, 19.00000, 0.
1, 33.58000, 2.75000, 2, 7, 4, 4.25000, 1, 1, 6.00000, 0, 2, 204.00000, 1.00000, 1.
0, 20.83000, 3.00000, 2, 6, 4, 0.04000, 1, 0, 0.00000, 0, 2, 100.00000, 1.00000, 1.
1, 36.17000, 18.12500, 2, 9, 4, 0.08500, 0, 0, 0.00000, 0, 2, 320.00000, 3553.00000, 0.
1, 50.75000, 0.58500, 2, 1, 1, 0.00000, 0, 0, 0.00000, 0, 2, 145.00000, 1.00000, 0.
0, 23.58000, 0.83000, 2, 11, 4, 0.41500, 0, 1, 1.00000, 1, 2, 200.00000, 12.00000, 0.
1, 35.17000, 4.50000, 2, 14, 8, 5.75000, 0, 0, 0.00000, 1, 1, 711.00000, 1.00000, 1.
0, 58.42000, 21.00000, 2, 3, 5, 10.00000, 1, 1, 13.00000, 0, 2, 0.00000, 6701.00000, 1.
1, 28.25000, 0.87500, 2, 7, 4, 0.96000, 1, 1, 3.00000, 1, 2, 396.00000, 1.00000, 1.
1, 31.57000, 0.62500, 2, 4, 4, 0.25000, 0, 0, 0.00000, 0, 2, 380.00000, 2011.00000, 0.
0, 31.75000, 3.00000, 1, 5, 3, 0.00000, 0, 0, 0.00000, 0, 2, 160.00000, 21.00000, 0.
1, 19.42000, 6.50000, 2, 9, 8, 1.46000, 1, 1, 7.00000, 0, 2, 80.00000, 2955.00000, 1.
1, 39.08000, 6.00000, 2, 7, 4, 1.29000, 1, 1, 5.00000, 1, 2, 108.00000, 1098.00000, 1.
1, 17.08000, 3.29000, 2, 3, 4, 0.33500, 0, 0, 0.00000, 1, 2, 140.00000, 3.00000, 0.
1, 44.83000, 7.00000, 1, 8, 4, 1.62500, 0, 0, 0.00000, 0, 2, 160.00000, 3.00000, 0.
1, 16.25000, 0.00000, 1, 6, 4, 0.25000, 0, 0, 0.00000, 0, 2, 60.00000, 1.00000, 0.
0, 41.17000, 6.50000, 2, 11, 4, 0.50000, 1, 1, 3.00000, 1, 2, 145.00000, 1.00000, 1.
1, 28.92000, 15.00000, 2, 8, 8, 5.33500, 1, 1, 11.00000, 0, 2, 0.00000, 2284.00000, 1.
0, 26.17000, 2.00000, 2, 5, 3, 0.00000, 0, 0, 0.00000, 1, 2, 276.00000, 2.00000, 0.
1, 38.58000, 3.33500, 2, 9, 4, 4.00000, 1, 1, 14.00000, 0, 2, 383.00000, 1345.00000, 1.
1, 25.17000, 6.00000, 2, 8, 4, 1.00000, 1, 1, 3.00000, 0, 2, 0.00000, 1.00000, 1.
0, 28.17000, 0.37500, 2, 11, 4, 0.58500, 1, 1, 4.00000, 0, 2, 80.00000, 1.00000, 1.
1, 73.42000, 17.75000, 2, 1, 1, 0.00000, 1, 0, 0.00000, 1, 2, 0.00000, 1.00000, 1.
1, 22.50000, 11.50000, 1, 7, 4, 1.50000, 0, 0, 0.00000, 1, 2, 0.00000, 4001.00000, 0.
0, 27.17000, 1.25000, 2, 1, 1, 0.00000, 0, 1, 1.00000, 0, 2, 92.00000, 301.00000, 0.
0, 19.17000, 8.58500, 2, 13, 8, 0.75000, 1, 1, 7.00000, 0, 2, 96.00000, 1.00000, 1.
0, 25.58000, 0.00000, 2, 8, 4, 0.00000, 0, 0, 0.00000, 0, 3, 184.00000, 1.00000, 1.
1, 31.57000, 0.04000, 1, 2, 4, 4.25000, 0, 0, 0.00000, 1, 2, 460.00000, 1.00000, 0.
0, 22.50000, 8.50000, 2, 11, 4, 1.75000, 1, 1, 10.00000, 0, 2, 80.00000, 991.00000, 0.
0, 22.92000, 1.25000, 2, 11, 4, 0.25000, 0, 0, 0.00000, 1, 2, 120.00000, 810.00000, 0.
1, 23.25000, 12.62500, 2, 8, 4, 0.12500, 0, 1, 2.00000, 0, 2, 0.00000, 5553.00000, 0.
0, 29.50000, 1.08500, 1, 14, 4, 1.00000, 0, 0, 0.00000, 0, 2, 280.00000, 14.00000, 0.
0, 32.00000, 6.00000, 2, 2, 4, 1.25000, 0, 0, 0.00000, 0, 2, 272.00000, 1.00000, 0.
1, 27.00000, 1.50000, 1, 9, 4, 0.37500, 1, 0, 0.00000, 1, 2, 260.00000, 1066.00000, 1.
1, 19.33000, 10.91500, 2, 8, 5, 0.58500, 0, 1, 2.00000, 1, 2, 200.00000, 8.00000, 0.
1, 35.75000, 2.41500, 2, 9, 4, 0.12500, 0, 1, 2.00000, 0, 2, 220.00000, 2.00000, 0.
1, 18.83000, 0.00000, 2, 11, 4, 0.66500, 0, 0, 0.00000, 0, 2, 160.00000, 2.00000, 0.
0, 28.75000, 3.75000, 2, 8, 4, 1.08500, 1, 1, 1.00000, 1, 2, 371.00000, 1.00000, 1.
1, 34.42000, 4.25000, 2, 3, 5, 3.25000, 1, 1, 2.00000, 0, 2, 274.00000, 611.00000, 1.
0, 33.25000, 3.00000, 1, 6, 4, 2.00000, 0, 0, 0.00000, 0, 2, 180.00000, 1.00000, 0.
1, 53.92000, 9.62500, 2, 10, 4, 8.66500, 1, 1, 5.00000, 0, 2, 0.00000, 1.00000, 1.
1, 25.25000, 1.00000, 2, 6, 4, 0.50000, 0, 0, 0.00000, 0, 2, 200.00000, 1.00000, 0.
1, 32.42000, 2.16500, 1, 4, 1, 0.00000, 0, 0, 0.00000, 0, 2, 120.00000, 1.00000, 0.
0, 21.08000, 5.00000, 1, 1, 1, 0.00000, 0, 0, 0.00000, 0, 2, 0.00000, 1.00000, 0.
0, 56.50000, 16.00000, 2, 5, 1, 0.00000, 1, 1, 15.00000, 0, 2, 0.00000, 248.00000, 1.
1, 32.25000, 0.16500, 1, 8, 8, 3.25000, 1, 1, 1.00000, 1, 2, 432.00000, 8001.00000, 1.
0, 20.50000, 11.83500, 2, 8, 8, 6.00000, 1, 0, 0.00000, 0, 2, 340.00000, 1.00000, 1.
0, 30.25000, 5.50000, 2, 4, 4, 5.50000, 0, 0, 0.00000, 1, 1, 100.00000, 1.00000, 0.
0, 24.58000, 0.67000, 2, 6, 8, 1.75000, 1, 0, 0.00000, 0, 2, 400.00000, 1.00000, 0.
1, 23.17000, 11.12500, 2, 14, 8, 0.46000, 1, 1, 1.00000, 0, 2, 100.00000, 1.00000, 1.
0, 31.57000, 11.25000, 2, 1, 1, 0.00000, 0, 0, 0.00000, 0, 2, 184.00000, 5201.00000, 0.
0, 32.33000, 0.54000, 2, 13, 4, 0.04000, 1, 0, 0.00000, 0, 2, 440.00000, 11178.00000, 1.
1, 23.92000, 1.50000, 2, 2, 8, 1.87500, 1, 1, 6.00000, 0, 2, 200.00000, 328.00000, 1.
1, 36.75000, 0.12500, 1, 8, 4, 1.50000, 0, 0, 0.00000, 1, 2, 232.00000, 114.00000, 1.
1, 29.83000, 1.25000, 1, 4, 4, 0.25000, 0, 0, 0.00000, 0, 2, 224.00000, 1.00000, 0.
0, 24.08000, 0.50000, 2, 11, 8, 1.25000, 1, 1, 1.00000, 0, 2, 0.00000, 679.00000, 1.
1, 21.17000, 0.25000, 1, 8, 8, 0.25000, 0, 0, 0.00000, 0, 2, 280.00000, 205.00000, 0.
1, 31.42000, 15.50000, 2, 8, 4, 0.50000, 1, 0, 0.00000, 0, 2, 120.00000, 1.00000, 0.
1, 22.83000, 3.00000, 2, 7, 4, 1.29000, 1, 1, 1.00000, 0, 2, 260.00000, 801.00000, 1.
1, 37.50000, 1.75000, 1, 8, 5, 0.25000, 1, 0, 0.00000, 1, 2, 164.00000, 401.00000, 0.
0, 24.83000, 4.50000, 2, 9, 4, 1.00000, 0, 0, 0.00000, 1, 2, 360.00000, 7.00000, 0.
1, 36.33000, 3.79000, 2, 9, 4, 1.16500, 1, 0, 0.00000, 1, 2, 200.00000, 1.00000, 0.
0, 47.25000, 0.75000, 2, 11, 8, 2.75000, 1, 1, 1.00000, 0, 2, 333.00000, 893.00000, 1.
1, 32.08000, 4.00000, 1, 13, 4, 1.50000, 0, 0, 0.00000, 1, 2, 120.00000, 1.00000, 0.
0, 30.58000, 10.66500, 2, 11, 8, 0.08500, 0, 1, 12.00000, 1, 2, 129.00000, 4.00000, 0.
1, 27.83000, 1.54000, 2, 9, 4, 3.75000, 1, 1, 5.00000, 1, 2, 100.00000, 4.00000, 1.
1, 54.83000, 15.50000, 2, 10, 9, 0.00000, 1, 1, 20.00000, 0, 2, 152.00000, 131.00000, 0.
1, 16.08000, 0.75000, 2, 8, 4, 1.75000, 1, 1, 5.00000, 1, 2, 352.00000, 691.00000, 1.
1, 24.58000, 12.50000, 2, 9, 4, 0.87500, 1, 0, 0.00000, 1, 2, 260.00000, 1.00000, 0.
1, 32.67000, 5.50000, 2, 11, 8, 5.50000, 1, 1, 12.00000, 1, 2, 408.00000, 1001.00000, 1.
1, 30.17000, 0.50000, 2, 8, 4, 1.75000, 1, 1, 11.00000, 0, 2, 32.00000, 541.00000, 1.
1, 22.25000, 0.46000, 2, 4, 4, 0.12500, 0, 0, 0.00000, 1, 2, 280.00000, 56.00000, 0.
1, 41.75000, 0.96000, 2, 14, 4, 2.50000, 1, 0, 0.00000, 0, 2, 510.00000, 601.00000, 1.
1, 36.67000, 2.00000, 2, 3, 4, 0.25000, 0, 0, 0.00000, 1, 2, 221.00000, 1.00000, 0.
1, 25.83000, 12.83500, 2, 13, 4, 0.50000, 0, 0, 0.00000, 0, 2, 0.00000, 3.00000, 0.
1, 29.92000, 1.83500, 2, 8, 8, 4.33500, 1, 0, 0.00000, 0, 2, 260.00000, 201.00000, 1.
1, 20.08000, 0.25000, 2, 11, 4, 0.12500, 0, 0, 0.00000, 0, 2, 200.00000, 1.00000, 0.
1, 19.67000, 0.37500, 2, 11, 4, 2.00000, 1, 1, 2.00000, 1, 2, 80.00000, 1.00000, 1.
1, 51.42000, 0.04000, 2, 14, 8, 0.04000, 1, 0, 0.00000, 0, 2, 0.00000, 3001.00000, 1.
1, 62.75000, 7.00000, 2, 10, 9, 0.00000, 0, 0, 0.00000, 0, 2, 0.00000, 13.00000, 0.
1, 40.58000, 3.29000, 2, 7, 4, 3.50000, 0, 0, 0.00000, 1, 1, 400.00000, 1.00000, 0.
0, 16.33000, 0.21000, 2, 6, 4, 0.12500, 0, 0, 0.00000, 0, 2, 200.00000, 2.00000, 0.
1, 29.50000, 0.58000, 2, 9, 4, 0.29000, 0, 1, 1.00000, 0, 2, 340.00000, 2804.00000, 0.
1, 34.00000, 4.50000, 2, 6, 4, 1.00000, 1, 0, 0.00000, 1, 2, 240.00000, 1.00000, 0.
0, 71.58000, 0.00000, 2, 8, 4, 0.00000, 0, 0, 0.00000, 0, 3, 184.00000, 1.00000, 1.
1, 42.00000, 0.20500, 2, 3, 8, 5.12500, 1, 0, 0.00000, 0, 2, 400.00000, 1.00000, 1.
0, 22.50000, 11.00000, 1, 11, 4, 3.00000, 1, 0, 0.00000, 1, 2, 268.00000, 1.00000, 0.
1, 24.42000, 2.00000, 2, 10, 2, 0.16500, 0, 1, 2.00000, 0, 2, 320.00000, 1301.00000, 0.
1, 44.33000, 0.50000, 2, 3, 8, 5.00000, 1, 0, 0.00000, 1, 2, 320.00000, 1.00000, 1.
0, 23.00000, 11.75000, 2, 14, 8, 0.50000, 1, 1, 2.00000, 1, 2, 300.00000, 552.00000, 1.
1, 34.42000, 1.33500, 2, 3, 5, 0.12500, 0, 0, 0.00000, 1, 2, 440.00000, 4501.00000, 0.
1, 23.08000, 11.50000, 2, 3, 4, 3.50000, 1, 1, 9.00000, 0, 2, 56.00000, 743.00000, 1.
1, 25.92000, 0.87500, 2, 4, 4, 0.37500, 0, 1, 2.00000, 1, 2, 174.00000, 4.00000, 0.
0, 17.58000, 9.00000, 2, 6, 4, 1.37500, 1, 0, 0.00000, 1, 2, 0.00000, 1.00000, 1.
1, 20.42000, 1.08500, 2, 11, 4, 1.50000, 0, 0, 0.00000, 0, 2, 108.00000, 8.00000, 0.
1, 31.67000, 16.16500, 2, 2, 4, 3.00000, 1, 1, 9.00000, 0, 2, 250.00000, 731.00000, 1.
0, 57.58000, 2.00000, 2, 1, 1, 6.50000, 0, 1, 1.00000, 0, 2, 0.00000, 11.00000, 0.
1, 59.67000, 1.54000, 2, 11, 4, 0.12500, 1, 0, 0.00000, 1, 2, 260.00000, 1.00000, 1.
0, 65.17000, 14.00000, 2, 1, 1, 0.00000, 1, 1, 11.00000, 1, 2, 0.00000, 1401.00000, 1.
1, 30.08000, 1.04000, 1, 3, 5, 0.50000, 1, 1, 10.00000, 1, 2, 132.00000, 29.00000, 0.
1, 48.58000, 6.50000, 2, 11, 8, 6.00000, 1, 0, 0.00000, 1, 2, 350.00000, 1.00000, 1.
0, 23.58000, 11.50000, 1, 4, 8, 3.00000, 0, 0, 0.00000, 1, 2, 20.00000, 17.00000, 0.
1, 20.17000, 9.25000, 2, 8, 4, 1.66500, 1, 1, 3.00000, 1, 2, 40.00000, 29.00000, 1.
1, 48.17000, 7.62500, 2, 9, 8, 15.50000, 1, 1, 12.00000, 0, 2, 0.00000, 791.00000, 1.
1, 23.25000, 1.50000, 2, 11, 4, 2.37500, 1, 1, 3.00000, 1, 2, 0.00000, 583.00000, 1.
1, 32.25000, 14.00000, 1, 1, 1, 0.00000, 0, 1, 2.00000, 0, 2, 160.00000, 2.00000, 0.
1, 33.58000, 0.33500, 1, 13, 4, 0.08500, 0, 0, 0.00000, 0, 2, 180.00000, 1.00000, 0.
1, 23.58000, 0.46000, 1, 9, 4, 2.62500, 1, 1, 6.00000, 1, 2, 208.00000, 348.00000, 0.
1, 16.92000, 0.33500, 1, 4, 4, 0.29000, 0, 0, 0.00000, 0, 1, 200.00000, 1.00000, 0.
0, 20.83000, 8.50000, 2, 8, 4, 0.16500, 0, 0, 0.00000, 0, 2, 0.00000, 352.00000, 0.
0, 60.58000, 16.50000, 2, 11, 4, 11.00000, 1, 0, 0.00000, 1, 2, 21.00000, 10562.00000, 1.
1, 31.57000, 5.00000, 1, 6, 4, 8.50000, 1, 0, 0.00000, 0, 2, 0.00000, 1.00000, 0.
0, 25.00000, 12.33000, 2, 13, 8, 3.50000, 1, 1, 6.00000, 0, 2, 400.00000, 459.00000, 1.
1, 21.50000, 9.75000, 2, 8, 4, 0.25000, 1, 0, 0.00000, 0, 2, 140.00000, 1.00000, 0.
1, 20.42000, 0.00000, 2, 8, 4, 0.00000, 0, 0, 0.00000, 0, 3, 184.00000, 1.00000, 0.
0, 25.25000, 13.50000, 1, 1, 1, 2.00000, 0, 1, 1.00000, 1, 2, 200.00000, 2.00000, 0.
1, 42.83000, 4.62500, 2, 11, 4, 4.58000, 1, 0, 0.00000, 0, 1, 0.00000, 1.00000, 1.
1, 26.67000, 1.75000, 1, 8, 4, 1.00000, 1, 1, 5.00000, 1, 2, 160.00000, 5778.00000, 1.
1, 57.83000, 7.04000, 2, 7, 4, 14.00000, 1, 1, 6.00000, 1, 2, 360.00000, 1333.00000, 1.
1, 55.92000, 11.50000, 2, 1, 1, 5.00000, 1, 1, 5.00000, 0, 2, 0.00000, 8852.00000, 1.
1, 51.33000, 10.00000, 2, 3, 5, 0.00000, 1, 1, 11.00000, 0, 2, 0.00000, 1250.00000, 1.
1, 39.83000, 0.50000, 2, 7, 4, 0.25000, 1, 0, 0.00000, 0, 1, 288.00000, 1.00000, 0.
1, 27.58000, 2.04000, 1, 6, 4, 2.00000, 1, 1, 3.00000, 1, 2, 370.00000, 561.00000, 1.
1, 30.17000, 6.50000, 2, 13, 4, 3.12500, 1, 1, 8.00000, 0, 2, 330.00000, 1201.00000, 1.
1, 51.83000, 2.04000, 1, 1, 1, 1.50000, 0, 0, 0.00000, 0, 2, 120.00000, 2.00000, 0.
0, 25.00000, 11.00000, 1, 6, 4, 4.50000, 1, 0, 0.00000, 0, 2, 120.00000, 1.00000, 0.
1, 29.67000, 0.75000, 1, 8, 4, 0.04000, 0, 0, 0.00000, 0, 2, 240.00000, 1.00000, 0.
0, 33.67000, 0.37500, 2, 13, 4, 0.37500, 0, 0, 0.00000, 0, 2, 300.00000, 45.00000, 1.
1, 25.75000, 0.75000, 2, 8, 5, 0.25000, 1, 0, 0.00000, 0, 2, 349.00000, 24.00000, 1.
0, 28.67000, 1.04000, 2, 8, 4, 2.50000, 1, 1, 5.00000, 1, 2, 300.00000, 1431.00000, 1.
0, 18.08000, 0.37500, 3, 13, 1, 10.00000, 0, 0, 0.00000, 1, 1, 300.00000, 1.00000, 1.
1, 20.42000, 7.00000, 2, 8, 4, 1.62500, 1, 1, 3.00000, 0, 2, 200.00000, 1392.00000, 1.
1, 17.50000, 22.00000, 3, 1, 7, 0.00000, 0, 0, 0.00000, 1, 3, 450.00000, 100001.00000, 1.
1, 18.08000, 6.75000, 1, 7, 4, 0.04000, 0, 0, 0.00000, 0, 2, 140.00000, 1.00000, 0.
1, 47.67000, 2.50000, 2, 7, 5, 2.50000, 1, 1, 12.00000, 1, 2, 410.00000, 2511.00000, 1.
1, 57.42000, 8.50000, 2, 10, 8, 7.00000, 1, 1, 3.00000, 0, 2, 0.00000, 1.00000, 1.
1, 13.75000, 4.00000, 1, 9, 4, 1.75000, 1, 1, 2.00000, 1, 2, 120.00000, 1001.00000, 1.
1, 19.33000, 9.50000, 2, 11, 4, 1.00000, 1, 0, 0.00000, 1, 2, 60.00000, 401.00000, 1.
0, 21.92000, 11.66500, 2, 4, 8, 0.08500, 0, 0, 0.00000, 0, 2, 320.00000, 6.00000, 0.
1, 17.58000, 10.00000, 2, 9, 8, 0.16500, 0, 1, 1.00000, 0, 2, 120.00000, 2.00000, 0.
1, 34.83000, 2.50000, 1, 9, 4, 3.00000, 0, 0, 0.00000, 0, 1, 200.00000, 1.00000, 0.
1, 29.17000, 3.50000, 2, 9, 4, 3.50000, 1, 1, 3.00000, 1, 2, 329.00000, 1.00000, 0.
1, 21.42000, 0.75000, 1, 12, 7, 0.75000, 0, 0, 0.00000, 1, 2, 132.00000, 3.00000, 0.
1, 18.17000, 10.25000, 2, 8, 8, 1.08500, 0, 0, 0.00000, 0, 2, 320.00000, 14.00000, 0.
1, 28.00000, 3.00000, 2, 9, 4, 0.75000, 0, 0, 0.00000, 1, 2, 300.00000, 68.00000, 0.
0, 45.83000, 10.50000, 2, 11, 4, 5.00000, 1, 1, 7.00000, 1, 2, 0.00000, 1.00000, 1.
1, 22.75000, 11.50000, 2, 3, 4, 0.41500, 0, 0, 0.00000, 0, 2, 0.00000, 1.00000, 0.
0, 31.57000, 3.50000, 2, 2, 4, 3.00000, 1, 0, 0.00000, 1, 2, 300.00000, 1.00000, 0.
0, 20.42000, 7.50000, 2, 4, 4, 1.50000, 1, 1, 1.00000, 0, 2, 160.00000, 235.00000, 1.
0, 21.25000, 2.33500, 2, 3, 5, 0.50000, 1, 1, 4.00000, 0, 1, 80.00000, 1.00000, 1.
1, 26.67000, 4.25000, 2, 13, 4, 4.29000, 1, 1, 1.00000, 1, 2, 120.00000, 1.00000, 1.
0, 27.33000, 1.66500, 2, 1, 1, 0.00000, 0, 0, 0.00000, 0, 2, 340.00000, 2.00000, 0.
1, 42.08000, 1.04000, 2, 9, 4, 5.00000, 1, 1, 6.00000, 1, 2, 500.00000, 10001.00000, 1.
0, 18.25000, 10.00000, 2, 9, 4, 1.00000, 0, 1, 1.00000, 0, 2, 120.00000, 2.00000, 0.
0, 28.50000, 1.00000, 2, 11, 4, 1.00000, 1, 1, 2.00000, 1, 2, 167.00000, 501.00000, 0.
0, 21.50000, 6.00000, 2, 6, 4, 2.50000, 1, 1, 3.00000, 0, 2, 80.00000, 919.00000, 1.
1, 21.83000, 11.00000, 2, 14, 4, 0.29000, 1, 1, 6.00000, 0, 2, 121.00000, 1.00000, 1.
1, 21.92000, 0.50000, 2, 8, 4, 0.12500, 0, 0, 0.00000, 0, 2, 360.00000, 1.00000, 0.
1, 32.67000, 9.00000, 1, 9, 8, 5.25000, 1, 0, 0.00000, 1, 2, 154.00000, 1.00000, 1.
0, 45.33000, 1.00000, 2, 11, 4, 0.12500, 0, 0, 0.00000, 1, 2, 263.00000, 1.00000, 0.
0, 23.58000, 0.58500, 1, 1, 1, 0.12500, 0, 0, 0.00000, 0, 2, 120.00000, 88.00000, 0.
0, 17.92000, 0.54000, 2, 8, 4, 1.75000, 0, 1, 1.00000, 1, 2, 80.00000, 6.00000, 0.
1, 33.00000, 2.50000, 1, 9, 4, 7.00000, 0, 0, 0.00000, 1, 2, 280.00000, 1.00000, 0.
0, 22.67000, 0.33500, 2, 11, 4, 0.75000, 0, 0, 0.00000, 0, 1, 160.00000, 1.00000, 0.
1, 34.67000, 1.08000, 2, 7, 4, 1.16500, 0, 0, 0.00000, 0, 1, 28.00000, 1.00000, 0.
1, 29.67000, 1.41500, 2, 9, 8, 0.75000, 1, 1, 1.00000, 0, 2, 240.00000, 101.00000, 1.
1, 31.83000, 2.50000, 2, 6, 4, 7.50000, 1, 0, 0.00000, 1, 2, 523.00000, 1.00000, 0.
0, 20.67000, 1.83500, 2, 11, 4, 2.08500, 1, 1, 5.00000, 0, 2, 220.00000, 2504.00000, 1.
1, 33.75000, 2.75000, 2, 3, 5, 0.00000, 0, 0, 0.00000, 0, 2, 180.00000, 1.00000, 0.
1, 22.08000, 0.83000, 2, 8, 8, 2.16500, 0, 0, 0.00000, 1, 2, 128.00000, 1.00000, 1.
0, 35.42000, 12.00000, 2, 11, 8, 14.00000, 1, 1, 8.00000, 0, 2, 0.00000, 6591.00000, 1.
1, 31.92000, 4.46000, 2, 13, 8, 6.04000, 1, 1, 3.00000, 0, 2, 311.00000, 301.00000, 1.
0, 22.67000, 0.79000, 2, 3, 4, 0.08500, 0, 0, 0.00000, 0, 2, 144.00000, 1.00000, 0.
1, 26.67000, 14.58500, 2, 3, 5, 0.00000, 0, 0, 0.00000, 1, 2, 178.00000, 1.00000, 0.
1, 44.00000, 2.00000, 2, 7, 4, 1.75000, 1, 1, 2.00000, 1, 2, 0.00000, 16.00000, 1.
1, 30.17000, 1.08500, 1, 8, 4, 0.04000, 0, 0, 0.00000, 0, 2, 170.00000, 180.00000, 0.
1, 37.75000, 7.00000, 2, 11, 8, 11.50000, 1, 1, 7.00000, 1, 2, 300.00000, 6.00000, 0.
1, 17.08000, 0.08500, 1, 8, 4, 0.04000, 0, 0, 0.00000, 0, 2, 140.00000, 723.00000, 0.
1, 49.17000, 2.29000, 2, 1, 1, 0.29000, 0, 0, 0.00000, 0, 2, 200.00000, 4.00000, 0.
1, 22.92000, 0.17000, 2, 7, 4, 0.08500, 0, 0, 0.00000, 0, 1, 0.00000, 1.00000, 0.
0, 34.83000, 1.25000, 1, 3, 8, 0.50000, 0, 0, 0.00000, 1, 2, 160.00000, 1.00000, 0.
1, 44.25000, 11.00000, 1, 2, 4, 1.50000, 1, 0, 0.00000, 0, 1, 0.00000, 1.00000, 0.
1, 59.50000, 2.75000, 2, 9, 4, 1.75000, 1, 1, 5.00000, 1, 2, 60.00000, 59.00000, 1.
1, 25.50000, 0.37500, 2, 7, 4, 0.25000, 1, 1, 3.00000, 0, 2, 260.00000, 15109.00000, 1.
0, 41.58000, 1.04000, 2, 6, 4, 0.66500, 0, 0, 0.00000, 0, 2, 240.00000, 238.00000, 0.
1, 49.58000, 19.00000, 2, 1, 1, 0.00000, 1, 1, 1.00000, 0, 2, 94.00000, 1.00000, 0.
0, 33.92000, 1.58500, 1, 1, 1, 0.00000, 1, 0, 0.00000, 0, 2, 320.00000, 1.00000, 0.
1, 19.17000, 4.00000, 1, 3, 4, 1.00000, 0, 0, 0.00000, 1, 2, 360.00000, 1001.00000, 0.
0, 24.50000, 2.41500, 1, 8, 4, 0.00000, 0, 0, 0.00000, 0, 2, 120.00000, 1.00000, 0.
1, 23.33000, 1.50000, 2, 8, 8, 1.41500, 1, 0, 0.00000, 0, 2, 422.00000, 201.00000, 1.
1, 69.17000, 9.00000, 2, 1, 1, 4.00000, 0, 1, 1.00000, 0, 2, 70.00000, 7.00000, 0.
1, 47.67000, 0.29000, 2, 8, 5, 15.00000, 1, 1, 20.00000, 0, 2, 0.00000, 15001.00000, 1.
0, 33.25000, 2.50000, 1, 8, 4, 2.50000, 0, 0, 0.00000, 1, 2, 0.00000, 3.00000, 0.
1, 43.25000, 3.00000, 2, 11, 8, 6.00000, 1, 1, 11.00000, 0, 2, 80.00000, 1.00000, 1.
1, 23.00000, 0.62500, 1, 6, 4, 0.12500, 1, 0, 0.00000, 0, 2, 180.00000, 2.00000, 0.
1, 34.75000, 2.50000, 2, 13, 5, 0.50000, 0, 0, 0.00000, 0, 2, 348.00000, 1.00000, 0.
1, 56.58000, 18.50000, 2, 2, 5, 15.00000, 1, 1, 17.00000, 1, 2, 0.00000, 1.00000, 1.
0, 44.17000, 6.66500, 2, 11, 4, 7.37500, 1, 1, 3.00000, 1, 2, 0.00000, 1.00000, 1.
0, 44.33000, 0.00000, 2, 8, 4, 2.50000, 1, 0, 0.00000, 0, 2, 0.00000, 1.00000, 1.
1, 34.25000, 1.75000, 2, 9, 5, 0.25000, 1, 0, 0.00000, 1, 2, 163.00000, 1.00000, 0.
0, 45.00000, 4.58500, 2, 4, 8, 1.00000, 0, 0, 0.00000, 1, 1, 240.00000, 1.00000, 0.
1, 30.58000, 2.71000, 1, 7, 4, 0.12500, 0, 0, 0.00000, 1, 1, 80.00000, 1.00000, 0.
1, 27.67000, 0.75000, 2, 11, 8, 0.16500, 0, 0, 0.00000, 1, 2, 220.00000, 252.00000, 0.
1, 19.42000, 7.25000, 2, 7, 4, 0.04000, 0, 1, 1.00000, 0, 2, 100.00000, 2.00000, 0.
0, 41.33000, 1.00000, 2, 3, 5, 2.25000, 1, 0, 0.00000, 1, 2, 0.00000, 301.00000, 1.
0, 23.50000, 1.50000, 2, 9, 4, 0.87500, 0, 0, 0.00000, 1, 2, 160.00000, 1.00000, 0.
1, 31.67000, 0.83000, 2, 14, 4, 1.33500, 1, 1, 8.00000, 1, 2, 303.00000, 3291.00000, 1.
0, 17.83000, 11.00000, 2, 14, 8, 1.00000, 1, 1, 11.00000, 0, 2, 0.00000, 3001.00000, 1.
0, 33.17000, 2.25000, 1, 13, 4, 3.50000, 0, 0, 0.00000, 1, 2, 200.00000, 142.00000, 0.
0, 52.50000, 7.00000, 2, 6, 8, 3.00000, 0, 0, 0.00000, 0, 2, 0.00000, 1.00000, 0.
0, 25.42000, 1.12500, 2, 11, 4, 1.29000, 1, 1, 2.00000, 0, 2, 200.00000, 1.00000, 0.
1, 40.58000, 1.50000, 2, 3, 5, 0.00000, 0, 0, 0.00000, 0, 1, 300.00000, 1.00000, 0.
1, 23.92000, 0.58500, 1, 13, 8, 0.12500, 0, 0, 0.00000, 0, 2, 240.00000, 2.00000, 0.
1, 56.00000, 12.50000, 2, 4, 8, 8.00000, 1, 0, 0.00000, 1, 2, 24.00000, 2029.00000, 1.
0, 28.50000, 3.04000, 1, 14, 8, 2.54000, 1, 1, 1.00000, 0, 2, 70.00000, 1.00000, 1.
1, 32.08000, 4.00000, 2, 7, 4, 2.50000, 1, 0, 0.00000, 1, 2, 360.00000, 1.00000, 1.
1, 21.17000, 0.87500, 1, 8, 8, 0.25000, 0, 0, 0.00000, 0, 2, 280.00000, 205.00000, 0.
1, 34.17000, 9.17000, 2, 8, 4, 4.50000, 1, 1, 12.00000, 1, 2, 0.00000, 222.00000, 1.
1, 43.25000, 25.21000, 2, 11, 8, 0.21000, 1, 1, 1.00000, 0, 2, 760.00000, 91.00000, 0.
0, 38.25000, 6.00000, 2, 4, 4, 1.00000, 1, 0, 0.00000, 1, 2, 0.00000, 1.00000, 1.
1, 37.42000, 2.04000, 2, 9, 4, 0.04000, 1, 0, 0.00000, 1, 2, 400.00000, 5801.00000, 1.
1, 29.83000, 2.04000, 1, 14, 8, 0.04000, 0, 0, 0.00000, 0, 2, 128.00000, 2.00000, 0.
1, 37.33000, 2.66500, 2, 13, 4, 0.16500, 0, 0, 0.00000, 1, 2, 0.00000, 502.00000, 0.
1, 31.33000, 19.50000, 2, 8, 4, 7.00000, 1, 1, 16.00000, 0, 2, 0.00000, 5001.00000, 1.
1, 36.08000, 2.54000, 2, 1, 1, 0.00000, 0, 0, 0.00000, 0, 2, 0.00000, 1001.00000, 0.
1, 20.50000, 2.41500, 2, 8, 4, 2.00000, 1, 1, 11.00000, 1, 2, 200.00000, 3001.00000, 1.
1, 47.17000, 5.83500, 2, 9, 4, 5.50000, 0, 0, 0.00000, 0, 2, 465.00000, 151.00000, 0.
1, 22.00000, 7.83500, 1, 3, 5, 0.16500, 0, 0, 0.00000, 1, 2, 184.00000, 1.00000, 0.
1, 20.50000, 10.00000, 1, 8, 4, 2.50000, 1, 0, 0.00000, 0, 1, 40.00000, 1.00000, 1.
1, 34.92000, 2.50000, 2, 9, 4, 0.00000, 1, 0, 0.00000, 1, 2, 239.00000, 201.00000, 1.
1, 24.08000, 0.87500, 2, 7, 4, 0.08500, 0, 1, 4.00000, 0, 2, 254.00000, 1951.00000, 0.
1, 37.33000, 6.50000, 2, 7, 8, 4.25000, 1, 1, 12.00000, 1, 2, 93.00000, 1.00000, 1.
0, 20.75000, 9.54000, 2, 3, 4, 0.04000, 0, 0, 0.00000, 0, 2, 200.00000, 1001.00000, 0.
1, 36.67000, 3.25000, 2, 11, 8, 9.00000, 1, 0, 0.00000, 1, 2, 102.00000, 640.00000, 1.
1, 22.58000, 10.04000, 2, 14, 4, 0.04000, 1, 1, 9.00000, 0, 2, 60.00000, 397.00000, 1.
0, 26.92000, 13.50000, 2, 11, 8, 5.00000, 1, 1, 2.00000, 0, 2, 0.00000, 5001.00000, 1.
0, 46.67000, 0.46000, 2, 13, 8, 0.41500, 1, 1, 11.00000, 1, 2, 440.00000, 7.00000, 1.
0, 52.17000, 0.00000, 1, 1, 1, 0.00000, 0, 0, 0.00000, 0, 2, 0.00000, 1.00000, 0.
1, 39.17000, 2.50000, 1, 3, 8, 10.00000, 0, 0, 0.00000, 1, 1, 200.00000, 1.00000, 0.
1, 39.17000, 1.62500, 2, 8, 4, 1.50000, 1, 1, 10.00000, 0, 2, 186.00000, 4701.00000, 1.
0, 27.67000, 2.04000, 2, 9, 4, 0.25000, 0, 0, 0.00000, 1, 2, 180.00000, 51.00000, 0.
1, 19.17000, 9.50000, 2, 9, 4, 1.50000, 1, 0, 0.00000, 0, 2, 120.00000, 2207.00000, 1.
1, 39.50000, 4.25000, 2, 8, 5, 6.50000, 1, 1, 16.00000, 0, 2, 117.00000, 1211.00000, 1.
1, 36.42000, 0.75000, 1, 2, 4, 0.58500, 0, 0, 0.00000, 0, 2, 240.00000, 4.00000, 0.
1, 26.17000, 0.25000, 2, 3, 5, 0.00000, 1, 0, 0.00000, 1, 2, 0.00000, 1.00000, 1.
1, 39.42000, 1.71000, 1, 7, 4, 0.16500, 0, 0, 0.00000, 0, 1, 400.00000, 1.00000, 0.
1, 41.92000, 0.42000, 2, 8, 8, 0.21000, 1, 1, 6.00000, 0, 2, 220.00000, 949.00000, 1.
1, 21.33000, 7.50000, 2, 6, 4, 1.41500, 1, 1, 1.00000, 0, 2, 80.00000, 9801.00000, 1.
0, 20.08000, 1.25000, 2, 8, 4, 0.00000, 0, 0, 0.00000, 0, 2, 0.00000, 1.00000, 0.
0, 27.58000, 3.00000, 2, 7, 4, 2.79000, 0, 1, 1.00000, 1, 2, 280.00000, 11.00000, 0.
1, 21.58000, 0.79000, 1, 13, 4, 0.66500, 0, 0, 0.00000, 0, 2, 160.00000, 1.00000, 0.
1, 28.25000, 5.12500, 2, 14, 4, 4.75000, 1, 1, 2.00000, 0, 2, 420.00000, 8.00000, 1.
1, 26.92000, 2.25000, 2, 3, 5, 0.50000, 0, 0, 0.00000, 1, 2, 640.00000, 4001.00000, 0.
0, 18.42000, 9.25000, 2, 11, 4, 1.21000, 1, 1, 4.00000, 0, 2, 60.00000, 541.00000, 1.
0, 23.25000, 5.87500, 2, 11, 4, 3.17000, 1, 1, 10.00000, 0, 2, 120.00000, 246.00000, 1.
1, 23.58000, 1.79000, 2, 8, 4, 0.54000, 0, 0, 0.00000, 1, 2, 136.00000, 2.00000, 0.
1, 28.33000, 5.00000, 2, 9, 4, 11.00000, 1, 0, 0.00000, 1, 2, 70.00000, 1.00000, 1.
1, 25.67000, 2.21000, 1, 6, 4, 4.00000, 1, 0, 0.00000, 0, 2, 188.00000, 1.00000, 0.
0, 28.58000, 1.66500, 2, 11, 4, 2.41500, 1, 0, 0.00000, 1, 2, 440.00000, 1.00000, 0.
1, 22.92000, 3.16500, 1, 8, 4, 0.16500, 0, 0, 0.00000, 0, 2, 160.00000, 1059.00000, 0.
0, 24.50000, 1.04000, 1, 1, 1, 0.50000, 1, 1, 3.00000, 0, 2, 180.00000, 148.00000, 0.
1, 24.75000, 0.54000, 2, 7, 4, 1.00000, 0, 0, 0.00000, 1, 2, 120.00000, 2.00000, 0.
1, 32.00000, 1.75000, 1, 10, 8, 0.04000, 1, 0, 0.00000, 1, 2, 393.00000, 1.00000, 1.
1, 48.08000, 3.75000, 2, 3, 5, 1.00000, 0, 0, 0.00000, 0, 2, 100.00000, 3.00000, 0.
0, 28.42000, 3.50000, 2, 9, 4, 0.83500, 1, 0, 0.00000, 0, 1, 280.00000, 1.00000, 1.
1, 25.42000, 0.54000, 2, 9, 4, 0.16500, 0, 1, 1.00000, 0, 2, 272.00000, 445.00000, 0.
1, 18.58000, 10.29000, 2, 1, 1, 0.41500, 0, 0, 0.00000, 0, 2, 80.00000, 1.00000, 0.
1, 21.67000, 1.16500, 1, 4, 4, 2.50000, 1, 1, 1.00000, 0, 2, 180.00000, 21.00000, 0.
1, 24.58000, 1.25000, 2, 8, 4, 0.25000, 0, 0, 0.00000, 0, 2, 110.00000, 1.00000, 0.
1, 16.33000, 4.08500, 2, 3, 8, 0.41500, 0, 0, 0.00000, 1, 2, 120.00000, 1.00000, 0.
1, 26.75000, 2.00000, 2, 2, 4, 0.75000, 0, 0, 0.00000, 1, 2, 80.00000, 1.00000, 0.
1, 48.17000, 3.50000, 2, 6, 4, 3.50000, 1, 0, 0.00000, 0, 1, 230.00000, 1.00000, 1.
1, 23.50000, 2.75000, 2, 1, 1, 4.50000, 0, 0, 0.00000, 0, 2, 160.00000, 26.00000, 0.
0, 41.00000, 2.04000, 1, 11, 8, 0.12500, 1, 1, 23.00000, 1, 2, 455.00000, 1237.00000, 1.
1, 35.17000, 25.12500, 2, 14, 8, 1.62500, 1, 1, 1.00000, 1, 2, 515.00000, 501.00000, 1.
1, 23.75000, 12.00000, 2, 8, 4, 2.08500, 0, 0, 0.00000, 0, 1, 80.00000, 1.00000, 0.
1, 18.67000, 5.00000, 2, 11, 4, 0.37500, 1, 1, 2.00000, 0, 2, 0.00000, 39.00000, 0.
1, 30.33000, 0.50000, 2, 2, 8, 0.08500, 0, 0, 0.00000, 1, 1, 252.00000, 1.00000, 0.
0, 19.75000, 0.75000, 2, 8, 4, 0.79500, 1, 1, 5.00000, 1, 2, 140.00000, 6.00000, 0.
1, 26.17000, 0.83500, 2, 13, 4, 1.16500, 0, 0, 0.00000, 0, 2, 100.00000, 1.00000, 0.
1, 28.75000, 1.50000, 1, 8, 4, 1.50000, 1, 0, 0.00000, 1, 2, 0.00000, 226.00000, 0.
1, 28.67000, 9.33500, 2, 11, 8, 5.66500, 1, 1, 6.00000, 0, 2, 381.00000, 169.00000, 1.
1, 26.00000, 1.00000, 2, 11, 4, 1.75000, 1, 0, 0.00000, 1, 2, 280.00000, 1.00000, 1.
1, 23.50000, 3.16500, 1, 4, 4, 0.41500, 0, 1, 1.00000, 1, 2, 280.00000, 81.00000, 0.
1, 26.33000, 13.00000, 2, 10, 2, 0.00000, 0, 0, 0.00000, 1, 2, 140.00000, 1111.00000, 0.
1, 54.33000, 6.75000, 2, 8, 8, 2.62500, 1, 1, 11.00000, 1, 2, 0.00000, 285.00000, 1.
1, 31.57000, 0.37500, 2, 2, 4, 0.87500, 1, 0, 0.00000, 1, 1, 928.00000, 1.00000, 0.
0, 25.25000, 12.50000, 2, 2, 4, 1.00000, 0, 0, 0.00000, 1, 2, 180.00000, 1063.00000, 0.
1, 33.17000, 3.16500, 1, 14, 4, 3.16500, 1, 1, 3.00000, 1, 2, 380.00000, 1.00000, 1.
1, 39.50000, 1.62500, 2, 8, 4, 1.50000, 0, 0, 0.00000, 0, 2, 0.00000, 317.00000, 0.
0, 17.67000, 0.00000, 1, 5, 1, 0.00000, 0, 0, 0.00000, 0, 2, 86.00000, 1.00000, 0.
1, 23.92000, 0.66500, 2, 8, 4, 0.16500, 0, 0, 0.00000, 0, 2, 100.00000, 1.00000, 1.
1, 26.67000, 2.71000, 1, 13, 4, 5.25000, 1, 1, 1.00000, 0, 2, 211.00000, 1.00000, 1.
0, 22.50000, 0.41500, 2, 3, 4, 0.33500, 0, 0, 0.00000, 1, 1, 144.00000, 1.00000, 0.
1, 39.92000, 0.54000, 1, 6, 4, 0.50000, 1, 1, 3.00000, 0, 2, 200.00000, 1001.00000, 1.
0, 26.08000, 8.66500, 2, 6, 4, 1.41500, 1, 0, 0.00000, 0, 2, 160.00000, 151.00000, 1.
1, 20.00000, 0.00000, 2, 2, 4, 0.50000, 0, 0, 0.00000, 0, 2, 144.00000, 1.00000, 0.
1, 31.57000, 4.00000, 1, 3, 4, 0.08500, 0, 0, 0.00000, 1, 2, 411.00000, 1.00000, 0.
1, 26.75000, 4.50000, 1, 8, 5, 2.50000, 0, 0, 0.00000, 0, 2, 200.00000, 1211.00000, 0.
0, 24.92000, 1.25000, 2, 1, 1, 0.00000, 1, 0, 0.00000, 0, 2, 80.00000, 1.00000, 0.
0, 32.25000, 1.50000, 2, 8, 4, 0.25000, 0, 0, 0.00000, 1, 2, 372.00000, 123.00000, 0.
1, 17.67000, 4.46000, 2, 8, 4, 0.25000, 0, 0, 0.00000, 0, 1, 80.00000, 1.00000, 0.
0, 37.75000, 5.50000, 2, 11, 4, 0.12500, 1, 0, 0.00000, 1, 2, 228.00000, 1.00000, 1.
1, 22.67000, 2.54000, 1, 8, 8, 2.58500, 1, 0, 0.00000, 0, 2, 0.00000, 1.00000, 1.
0, 17.92000, 10.21000, 2, 1, 1, 0.00000, 0, 0, 0.00000, 0, 2, 0.00000, 51.00000, 0.
1, 24.42000, 12.33500, 2, 11, 8, 1.58500, 1, 0, 0.00000, 1, 2, 120.00000, 1.00000, 1.
0, 25.75000, 0.50000, 2, 8, 8, 0.87500, 1, 0, 0.00000, 1, 2, 491.00000, 1.00000, 1.
1, 26.17000, 12.50000, 1, 4, 8, 1.25000, 0, 0, 0.00000, 1, 2, 0.00000, 18.00000, 0.
0, 22.75000, 6.16500, 2, 6, 4, 0.16500, 0, 0, 0.00000, 0, 2, 220.00000, 1001.00000, 0.
1, 23.00000, 0.75000, 2, 7, 4, 0.50000, 1, 0, 0.00000, 1, 1, 320.00000, 1.00000, 0.
1, 25.67000, 0.29000, 1, 8, 4, 1.50000, 0, 0, 0.00000, 1, 2, 160.00000, 1.00000, 0.
1, 48.58000, 0.20500, 1, 4, 4, 0.25000, 1, 1, 11.00000, 0, 2, 380.00000, 2733.00000, 1.
1, 21.17000, 0.00000, 2, 8, 4, 0.50000, 0, 0, 0.00000, 1, 1, 0.00000, 1.00000, 0.
1, 35.25000, 16.50000, 1, 8, 4, 4.00000, 1, 0, 0.00000, 0, 2, 80.00000, 1.00000, 0.
0, 22.92000, 11.58500, 2, 13, 4, 0.04000, 1, 0, 0.00000, 0, 2, 80.00000, 1350.00000, 1.
0, 48.17000, 1.33500, 2, 3, 7, 0.33500, 0, 0, 0.00000, 0, 2, 0.00000, 121.00000, 0.
1, 43.00000, 0.29000, 1, 13, 8, 1.75000, 1, 1, 8.00000, 0, 2, 100.00000, 376.00000, 1.
1, 31.57000, 10.50000, 2, 14, 4, 6.50000, 1, 0, 0.00000, 0, 2, 0.00000, 1.00000, 1.
1, 20.67000, 0.41500, 2, 8, 4, 0.12500, 0, 0, 0.00000, 0, 2, 0.00000, 45.00000, 0.
0, 18.83000, 9.54000, 2, 6, 4, 0.08500, 1, 0, 0.00000, 0, 2, 100.00000, 1.00000, 1.
0, 27.42000, 14.50000, 2, 14, 8, 3.08500, 1, 1, 1.00000, 0, 2, 120.00000, 12.00000, 1.
1, 41.00000, 0.04000, 2, 10, 4, 0.04000, 0, 1, 1.00000, 0, 1, 560.00000, 1.00000, 1.
