data.7z содержит данные, по которым была построена следующа€ таблица:
task	trainErr	testErr	overfitt	comb	combVC	combSC	combES	combAF	PAC DI	PAC DD
Liver_Disorders	0.298	0.315	0.017	0.046	0.249	0.192	0.146	0.161	1.207	1.067
glass	0.045	0.076	0.030	0.067	0.191	0.127	0.124	0.106	1.268	0.740
Ionosphere	0.048	0.126	0.079	0.042	0.138	0.099	0.087	0.084	1.219	1.149
Australian	0.122	0.136	0.014	0.023	0.130	0.101	0.081	0.086	1.145	0.678
pima	0.220	0.227	0.007	0.021	0.151	0.117	0.090	0.098	0.971	0.749
faults	0.198	0.210	0.011	0.008	0.091	0.070	0.046	0.060	1.110	1.054
statlog	0.138	0.142	0.004	0.008	0.072	0.060	0.043	0.051	1.102	0.746
wine	0.248	0.250	0.002	0.003	0.061	0.047	0.032	0.040	0.776	0.637
waveform	0.103	0.105	0.003	0.003	0.043	0.033	0.023	0.023	0.561	0.354
pageblocks	0.049	0.051	0.001	0.003	0.030	0.022	0.016	0.018	0.739	0.186
Optdigits	0.115	0.121	0.006	0.003	0.043	0.034	0.023	0.026	1.068	0.604

ѕреобразование [data -> таблица] получаетс€ с помощью DrawCombAndPacComparisonTable.
data генерировалась скриптом CalcCombAndPacComparisonTable